10 | 495.00 | [-6.0, 5.5, -4.0, 2.75, -2.4, 1.8333333333333333, -1.7142857142857142, 1.375, -1.3333333333333333, 1.1]
11 | 726.00 | [6.0, -6.5, 4.0, -3.25, 2.4, -2.1666666666666665, 1.7142857142857142, -1.625, 1.3333333333333333, -1.3, 1.0909090909090908]
12 | 858.00 | [-7.0, 6.5, -4.666666666666667, 3.25, -2.8, 2.1666666666666665, -2.0, 1.625, -1.5555555555555556, 1.3, -1.2727272727272727, 1.0833333333333333]
13 | 1183.00 | [7.0, -7.5, 4.666666666666667, -3.75, 2.8, -2.5, 2.0, -1.875, 1.5555555555555556, -1.5, 1.2727272727272727, -1.25, 1.0769230769230769]
14 | 1365.00 | [-8.0, 7.5, -5.333333333333333, 3.75, -3.2, 2.5, -2.2857142857142856, 1.875, -1.7777777777777777, 1.5, -1.4545454545454546, 1.25, -1.2307692307692308, 1.0714285714285714]
15 | 1800.00 | [8.0, -8.5, 5.333333333333333, -4.25, 3.2, -2.8333333333333335, 2.2857142857142856, -2.125, 1.7777777777777777, -1.7, 1.4545454545454546, -1.4166666666666667, 1.2307692307692308, -1.2142857142857142, 1.0666666666666667]
16 | 2040.00 | [-9.0, 8.5, -6.0, 4.25, -3.6, 2.8333333333333335, -2.5714285714285716, 2.125, -2.0, 1.7, -1.6363636363636365, 1.4166666666666667, -1.3846153846153846, 1.2142857142857142, -1.2, 1.0625]
17 | 2601.00 | [9.0, -9.5, 6.0, -4.75, 3.6, -3.1666666666666665, 2.5714285714285716, -2.375, 2.0, -1.9, 1.6363636363636365, -1.5833333333333333, 1.3846153846153846, -1.3571428571428572, 1.2, -1.1875, 1.0588235294117647]
18 | 2907.00 | [-10.0, 9.5, -6.666666666666667, 4.75, -4.0, 3.1666666666666665, -2.857142857142857, 2.375, -2.2222222222222223, 1.9, -1.8181818181818181, 1.5833333333333333, -1.5384615384615385, 1.3571428571428572, -1.3333333333333333, 1.1875, -1.1764705882352942, 1.0555555555555556]
19 | 3610.00 | [10.0, -10.5, 6.666666666666667, -5.25, 4.0, -3.5, 2.857142857142857, -2.625, 2.2222222222222223, -2.1, 1.8181818181818181, -1.75, 1.5384615384615385, -1.5, 1.3333333333333333, -1.3125, 1.1764705882352942, -1.1666666666666667, 1.0526315789473684]
20 | 3990.00 | [-11.0, 10.5, -7.333333333333333, 5.25, -4.4, 3.5, -3.142857142857143, 2.625, -2.4444444444444446, 2.1, -2.0, 1.75, -1.6923076923076923, 1.5, -1.4666666666666666, 1.3125, -1.2941176470588236, 1.1666666666666667, -1.1578947368421053, 1.05]
21 | 4851.00 | [11.0, -11.5, 7.333333333333333, -5.75, 4.4, -3.8333333333333335, 3.142857142857143, -2.875, 2.4444444444444446, -2.3, 2.0, -1.9166666666666667, 1.6923076923076923, -1.6428571428571428, 1.4666666666666666, -1.4375, 1.2941176470588236, -1.2777777777777777, 1.1578947368421053, -1.15, 1.0476190476190477]
22 | 5313.00 | [-12.0, 11.5, -8.0, 5.75, -4.8, 3.8333333333333335, -3.4285714285714284, 2.875, -2.6666666666666665, 2.3, -2.1818181818181817, 1.9166666666666667, -1.8461538461538463, 1.6428571428571428, -1.6, 1.4375, -1.411764705882353, 1.2777777777777777, -1.263157894736842, 1.15, -1.1428571428571428, 1.0454545454545454]
23 | 6348.00 | [12.0, -12.5, 8.0, -6.25, 4.8, -4.166666666666667, 3.4285714285714284, -3.125, 2.6666666666666665, -2.5, 2.1818181818181817, -2.0833333333333335, 1.8461538461538463, -1.7857142857142858, 1.6, -1.5625, 1.411764705882353, -1.3888888888888888, 1.263157894736842, -1.25, 1.1428571428571428, -1.1363636363636365, 1.0434782608695652]
24 | 6900.00 | [-13.0, 12.5, -8.666666666666666, 6.25, -5.2, 4.166666666666667, -3.7142857142857144, 3.125, -2.888888888888889, 2.5, -2.3636363636363638, 2.0833333333333335, -2.0, 1.7857142857142858, -1.7333333333333334, 1.5625, -1.5294117647058822, 1.3888888888888888, -1.368421052631579, 1.25, -1.2380952380952381, 1.1363636363636365, -1.1304347826086956, 1.0416666666666667]
25 | 8125.00 | [13.0, -13.5, 8.666666666666666, -6.75, 5.2, -4.5, 3.7142857142857144, -3.375, 2.888888888888889, -2.7, 2.3636363636363638, -2.25, 2.0, -1.9285714285714286, 1.7333333333333334, -1.6875, 1.5294117647058822, -1.5, 1.368421052631579, -1.35, 1.2380952380952381, -1.2272727272727273, 1.1304347826086956, -1.125, 1.04]
26 | 8775.00 | [-14.0, 13.5, -9.333333333333334, 6.75, -5.6, 4.5, -4.0, 3.375, -3.111111111111111, 2.7, -2.5454545454545454, 2.25, -2.1538461538461537, 1.9285714285714286, -1.8666666666666667, 1.6875, -1.6470588235294117, 1.5, -1.4736842105263157, 1.35, -1.3333333333333333, 1.2272727272727273, -1.2173913043478262, 1.125, -1.12, 1.0384615384615385]
27 | 10206.00 | [14.0, -14.5, 9.333333333333334, -7.25, 5.6, -4.833333333333333, 4.0, -3.625, 3.111111111111111, -2.9, 2.5454545454545454, -2.4166666666666665, 2.1538461538461537, -2.0714285714285716, 1.8666666666666667, -1.8125, 1.6470588235294117, -1.6111111111111112, 1.4736842105263157, -1.45, 1.3333333333333333, -1.3181818181818181, 1.2173913043478262, -1.2083333333333333, 1.12, -1.1153846153846154, 1.037037037037037]
28 | 10962.00 | [-15.0, 14.5, -10.0, 7.25, -6.0, 4.833333333333333, -4.285714285714286, 3.625, -3.3333333333333335, 2.9, -2.727272727272727, 2.4166666666666665, -2.3076923076923075, 2.0714285714285716, -2.0, 1.8125, -1.7647058823529411, 1.6111111111111112, -1.5789473684210527, 1.45, -1.4285714285714286, 1.3181818181818181, -1.3043478260869565, 1.2083333333333333, -1.2, 1.1153846153846154, -1.1111111111111112, 1.0357142857142858]
29 | 12615.00 | [15.0, -15.5, 10.0, -7.75, 6.0, -5.166666666666667, 4.285714285714286, -3.875, 3.3333333333333335, -3.1, 2.727272727272727, -2.5833333333333335, 2.3076923076923075, -2.2142857142857144, 2.0, -1.9375, 1.7647058823529411, -1.7222222222222223, 1.5789473684210527, -1.55, 1.4285714285714286, -1.4090909090909092, 1.3043478260869565, -1.2916666666666667, 1.2, -1.1923076923076923, 1.1111111111111112, -1.1071428571428572, 1.0344827586206897]
30 | 13485.00 | [-16.0, 15.5, -10.666666666666666, 7.75, -6.4, 5.166666666666667, -4.571428571428571, 3.875, -3.5555555555555554, 3.1, -2.909090909090909, 2.5833333333333335, -2.4615384615384617, 2.2142857142857144, -2.1333333333333333, 1.9375, -1.8823529411764706, 1.7222222222222223, -1.6842105263157894, 1.55, -1.5238095238095237, 1.4090909090909092, -1.391304347826087, 1.2916666666666667, -1.28, 1.1923076923076923, -1.1851851851851851, 1.1071428571428572, -1.103448275862069, 1.0333333333333334]
31 | 15376.00 | [16.0, -16.5, 10.666666666666666, -8.25, 6.4, -5.5, 4.571428571428571, -4.125, 3.5555555555555554, -3.3, 2.909090909090909, -2.75, 2.4615384615384617, -2.357142857142857, 2.1333333333333333, -2.0625, 1.8823529411764706, -1.8333333333333333, 1.6842105263157894, -1.65, 1.5238095238095237, -1.5, 1.391304347826087, -1.375, 1.28, -1.2692307692307692, 1.1851851851851851, -1.1785714285714286, 1.103448275862069, -1.1, 1.032258064516129]
32 | 16368.00 | [-17.0, 16.5, -11.333333333333334, 8.25, -6.8, 5.5, -4.857142857142857, 4.125, -3.7777777777777777, 3.3, -3.090909090909091, 2.75, -2.6153846153846154, 2.357142857142857, -2.2666666666666666, 2.0625, -2.0, 1.8333333333333333, -1.7894736842105263, 1.65, -1.619047619047619, 1.5, -1.4782608695652173, 1.375, -1.36, 1.2692307692307692, -1.2592592592592593, 1.1785714285714286, -1.1724137931034482, 1.1, -1.096774193548387, 1.03125]
33 | 18513.00 | [17.0, -17.5, 11.333333333333334, -8.75, 6.8, -5.833333333333333, 4.857142857142857, -4.375, 3.7777777777777777, -3.5, 3.090909090909091, -2.9166666666666665, 2.6153846153846154, -2.5, 2.2666666666666666, -2.1875, 2.0, -1.9444444444444444, 1.7894736842105263, -1.75, 1.619047619047619, -1.5909090909090908, 1.4782608695652173, -1.4583333333333333, 1.36, -1.3461538461538463, 1.2592592592592593, -1.25, 1.1724137931034482, -1.1666666666666667, 1.096774193548387, -1.09375, 1.0303030303030303]
34 | 19635.00 | [-18.0, 17.5, -12.0, 8.75, -7.2, 5.833333333333333, -5.142857142857143, 4.375, -4.0, 3.5, -3.272727272727273, 2.9166666666666665, -2.769230769230769, 2.5, -2.4, 2.1875, -2.1176470588235294, 1.9444444444444444, -1.894736842105263, 1.75, -1.7142857142857142, 1.5909090909090908, -1.565217391304348, 1.4583333333333333, -1.44, 1.3461538461538463, -1.3333333333333333, 1.25, -1.2413793103448276, 1.1666666666666667, -1.1612903225806452, 1.09375, -1.0909090909090908, 1.0294117647058822]
35 | 22050.00 | [18.0, -18.5, 12.0, -9.25, 7.2, -6.166666666666667, 5.142857142857143, -4.625, 4.0, -3.7, 3.272727272727273, -3.0833333333333335, 2.769230769230769, -2.642857142857143, 2.4, -2.3125, 2.1176470588235294, -2.0555555555555554, 1.894736842105263, -1.85, 1.7142857142857142, -1.6818181818181819, 1.565217391304348, -1.5416666666666667, 1.44, -1.4230769230769231, 1.3333333333333333, -1.3214285714285714, 1.2413793103448276, -1.2333333333333334, 1.1612903225806452, -1.15625, 1.0909090909090908, -1.088235294117647, 1.0285714285714285]
36 | 23310.00 | [-19.0, 18.5, -12.666666666666666, 9.25, -7.6, 6.166666666666667, -5.428571428571429, 4.625, -4.222222222222222, 3.7, -3.4545454545454546, 3.0833333333333335, -2.923076923076923, 2.642857142857143, -2.533333333333333, 2.3125, -2.235294117647059, 2.0555555555555554, -2.0, 1.85, -1.8095238095238095, 1.6818181818181819, -1.6521739130434783, 1.5416666666666667, -1.52, 1.4230769230769231, -1.4074074074074074, 1.3214285714285714, -1.3103448275862069, 1.2333333333333334, -1.2258064516129032, 1.15625, -1.1515151515151516, 1.088235294117647, -1.0857142857142856, 1.0277777777777777]
37 | 26011.00 | [19.0, -19.5, 12.666666666666666, -9.75, 7.6, -6.5, 5.428571428571429, -4.875, 4.222222222222222, -3.9, 3.4545454545454546, -3.25, 2.923076923076923, -2.7857142857142856, 2.533333333333333, -2.4375, 2.235294117647059, -2.1666666666666665, 2.0, -1.95, 1.8095238095238095, -1.7727272727272727, 1.6521739130434783, -1.625, 1.52, -1.5, 1.4074074074074074, -1.3928571428571428, 1.3103448275862069, -1.3, 1.2258064516129032, -1.21875, 1.1515151515151516, -1.1470588235294117, 1.0857142857142856, -1.0833333333333333, 1.027027027027027]
38 | 27417.00 | [-20.0, 19.5, -13.333333333333334, 9.75, -8.0, 6.5, -5.714285714285714, 4.875, -4.444444444444445, 3.9, -3.6363636363636362, 3.25, -3.076923076923077, 2.7857142857142856, -2.6666666666666665, 2.4375, -2.3529411764705883, 2.1666666666666665, -2.1052631578947367, 1.95, -1.9047619047619047, 1.7727272727272727, -1.7391304347826086, 1.625, -1.6, 1.5, -1.4814814814814814, 1.3928571428571428, -1.3793103448275863, 1.3, -1.2903225806451613, 1.21875, -1.2121212121212122, 1.1470588235294117, -1.1428571428571428, 1.0833333333333333, -1.0810810810810811, 1.0263157894736843]
39 | 30420.00 | [20.0, -20.5, 13.333333333333334, -10.25, 8.0, -6.833333333333333, 5.714285714285714, -5.125, 4.444444444444445, -4.1, 3.6363636363636362, -3.4166666666666665, 3.076923076923077, -2.9285714285714284, 2.6666666666666665, -2.5625, 2.3529411764705883, -2.2777777777777777, 2.1052631578947367, -2.05, 1.9047619047619047, -1.8636363636363635, 1.7391304347826086, -1.7083333333333333, 1.6, -1.5769230769230769, 1.4814814814814814, -1.4642857142857142, 1.3793103448275863, -1.3666666666666667, 1.2903225806451613, -1.28125, 1.2121212121212122, -1.2058823529411764, 1.1428571428571428, -1.1388888888888888, 1.0810810810810811, -1.0789473684210527, 1.0256410256410255]
40 | 31980.00 | [-21.0, 20.5, -14.0, 10.25, -8.4, 6.833333333333333, -6.0, 5.125, -4.666666666666667, 4.1, -3.8181818181818183, 3.4166666666666665, -3.230769230769231, 2.9285714285714284, -2.8, 2.5625, -2.4705882352941178, 2.2777777777777777, -2.210526315789474, 2.05, -2.0, 1.8636363636363635, -1.826086956521739, 1.7083333333333333, -1.68, 1.5769230769230769, -1.5555555555555556, 1.4642857142857142, -1.4482758620689655, 1.3666666666666667, -1.3548387096774193, 1.28125, -1.2727272727272727, 1.2058823529411764, -1.2, 1.1388888888888888, -1.135135135135135, 1.0789473684210527, -1.0769230769230769, 1.025]
41 | 35301.00 | [21.0, -21.5, 14.0, -10.75, 8.4, -7.166666666666667, 6.0, -5.375, 4.666666666666667, -4.3, 3.8181818181818183, -3.5833333333333335, 3.230769230769231, -3.0714285714285716, 2.8, -2.6875, 2.4705882352941178, -2.388888888888889, 2.210526315789474, -2.15, 2.0, -1.9545454545454546, 1.826086956521739, -1.7916666666666667, 1.68, -1.6538461538461537, 1.5555555555555556, -1.5357142857142858, 1.4482758620689655, -1.4333333333333333, 1.3548387096774193, -1.34375, 1.2727272727272727, -1.2647058823529411, 1.2, -1.1944444444444444, 1.135135135135135, -1.131578947368421, 1.0769230769230769, -1.075, 1.024390243902439]
42 | 37023.00 | [-22.0, 21.5, -14.666666666666666, 10.75, -8.8, 7.166666666666667, -6.285714285714286, 5.375, -4.888888888888889, 4.3, -4.0, 3.5833333333333335, -3.3846153846153846, 3.0714285714285716, -2.933333333333333, 2.6875, -2.588235294117647, 2.388888888888889, -2.3157894736842106, 2.15, -2.0952380952380953, 1.9545454545454546, -1.9130434782608696, 1.7916666666666667, -1.76, 1.6538461538461537, -1.6296296296296295, 1.5357142857142858, -1.5172413793103448, 1.4333333333333333, -1.4193548387096775, 1.34375, -1.3333333333333333, 1.2647058823529411, -1.2571428571428571, 1.1944444444444444, -1.1891891891891893, 1.131578947368421, -1.1282051282051282, 1.075, -1.0731707317073171, 1.0238095238095237]
43 | 40678.00 | [22.0, -22.5, 14.666666666666666, -11.25, 8.8, -7.5, 6.285714285714286, -5.625, 4.888888888888889, -4.5, 4.0, -3.75, 3.3846153846153846, -3.2142857142857144, 2.933333333333333, -2.8125, 2.588235294117647, -2.5, 2.3157894736842106, -2.25, 2.0952380952380953, -2.0454545454545454, 1.9130434782608696, -1.875, 1.76, -1.7307692307692308, 1.6296296296296295, -1.6071428571428572, 1.5172413793103448, -1.5, 1.4193548387096775, -1.40625, 1.3333333333333333, -1.3235294117647058, 1.2571428571428571, -1.25, 1.1891891891891893, -1.1842105263157894, 1.1282051282051282, -1.125, 1.0731707317073171, -1.0714285714285714, 1.0232558139534884]
44 | 42570.00 | [-23.0, 22.5, -15.333333333333334, 11.25, -9.2, 7.5, -6.571428571428571, 5.625, -5.111111111111111, 4.5, -4.181818181818182, 3.75, -3.5384615384615383, 3.2142857142857144, -3.066666666666667, 2.8125, -2.7058823529411766, 2.5, -2.4210526315789473, 2.25, -2.1904761904761907, 2.0454545454545454, -2.0, 1.875, -1.84, 1.7307692307692308, -1.7037037037037037, 1.6071428571428572, -1.5862068965517242, 1.5, -1.4838709677419355, 1.40625, -1.393939393939394, 1.3235294117647058, -1.3142857142857143, 1.25, -1.2432432432432432, 1.1842105263157894, -1.1794871794871795, 1.125, -1.1219512195121952, 1.0714285714285714, -1.069767441860465, 1.0227272727272727]
45 | 46575.00 | [23.0, -23.5, 15.333333333333334, -11.75, 9.2, -7.833333333333333, 6.571428571428571, -5.875, 5.111111111111111, -4.7, 4.181818181818182, -3.9166666666666665, 3.5384615384615383, -3.357142857142857, 3.066666666666667, -2.9375, 2.7058823529411766, -2.611111111111111, 2.4210526315789473, -2.35, 2.1904761904761907, -2.1363636363636362, 2.0, -1.9583333333333333, 1.84, -1.8076923076923077, 1.7037037037037037, -1.6785714285714286, 1.5862068965517242, -1.5666666666666667, 1.4838709677419355, -1.46875, 1.393939393939394, -1.3823529411764706, 1.3142857142857143, -1.3055555555555556, 1.2432432432432432, -1.236842105263158, 1.1794871794871795, -1.175, 1.1219512195121952, -1.119047619047619, 1.069767441860465, -1.0681818181818181, 1.0222222222222221]
46 | 48645.00 | [-24.0, 23.5, -16.0, 11.75, -9.6, 7.833333333333333, -6.857142857142857, 5.875, -5.333333333333333, 4.7, -4.363636363636363, 3.9166666666666665, -3.6923076923076925, 3.357142857142857, -3.2, 2.9375, -2.823529411764706, 2.611111111111111, -2.526315789473684, 2.35, -2.2857142857142856, 2.1363636363636362, -2.0869565217391304, 1.9583333333333333, -1.92, 1.8076923076923077, -1.7777777777777777, 1.6785714285714286, -1.6551724137931034, 1.5666666666666667, -1.5483870967741935, 1.46875, -1.4545454545454546, 1.3823529411764706, -1.3714285714285714, 1.3055555555555556, -1.2972972972972974, 1.236842105263158, -1.2307692307692308, 1.175, -1.170731707317073, 1.119047619047619, -1.1162790697674418, 1.0681818181818181, -1.0666666666666667, 1.0217391304347827]
47 | 53016.00 | [24.0, -24.5, 16.0, -12.25, 9.6, -8.166666666666666, 6.857142857142857, -6.125, 5.333333333333333, -4.9, 4.363636363636363, -4.083333333333333, 3.6923076923076925, -3.5, 3.2, -3.0625, 2.823529411764706, -2.7222222222222223, 2.526315789473684, -2.45, 2.2857142857142856, -2.227272727272727, 2.0869565217391304, -2.0416666666666665, 1.92, -1.8846153846153846, 1.7777777777777777, -1.75, 1.6551724137931034, -1.6333333333333333, 1.5483870967741935, -1.53125, 1.4545454545454546, -1.4411764705882353, 1.3714285714285714, -1.3611111111111112, 1.2972972972972974, -1.2894736842105263, 1.2307692307692308, -1.225, 1.170731707317073, -1.1666666666666667, 1.1162790697674418, -1.1136363636363635, 1.0666666666666667, -1.065217391304348, 1.0212765957446808]
48 | 55272.00 | [-25.0, 24.5, -16.666666666666668, 12.25, -10.0, 8.166666666666666, -7.142857142857143, 6.125, -5.555555555555555, 4.9, -4.545454545454546, 4.083333333333333, -3.8461538461538463, 3.5, -3.3333333333333335, 3.0625, -2.9411764705882355, 2.7222222222222223, -2.6315789473684212, 2.45, -2.380952380952381, 2.227272727272727, -2.1739130434782608, 2.0416666666666665, -2.0, 1.8846153846153846, -1.8518518518518519, 1.75, -1.7241379310344827, 1.6333333333333333, -1.6129032258064515, 1.53125, -1.5151515151515151, 1.4411764705882353, -1.4285714285714286, 1.3611111111111112, -1.3513513513513513, 1.2894736842105263, -1.2820512820512822, 1.225, -1.2195121951219512, 1.1666666666666667, -1.1627906976744187, 1.1136363636363635, -1.1111111111111112, 1.065217391304348, -1.0638297872340425, 1.0208333333333333]
49 | 60025.00 | [25.0, -25.5, 16.666666666666668, -12.75, 10.0, -8.5, 7.142857142857143, -6.375, 5.555555555555555, -5.1, 4.545454545454546, -4.25, 3.8461538461538463, -3.642857142857143, 3.3333333333333335, -3.1875, 2.9411764705882355, -2.8333333333333335, 2.6315789473684212, -2.55, 2.380952380952381, -2.3181818181818183, 2.1739130434782608, -2.125, 2.0, -1.9615384615384615, 1.8518518518518519, -1.8214285714285714, 1.7241379310344827, -1.7, 1.6129032258064515, -1.59375, 1.5151515151515151, -1.5, 1.4285714285714286, -1.4166666666666667, 1.3513513513513513, -1.3421052631578947, 1.2820512820512822, -1.275, 1.2195121951219512, -1.2142857142857142, 1.1627906976744187, -1.1590909090909092, 1.1111111111111112, -1.108695652173913, 1.0638297872340425, -1.0625, 1.0204081632653061]
50 | 62475.00 | [-26.0, 25.5, -17.333333333333332, 12.75, -10.4, 8.5, -7.428571428571429, 6.375, -5.777777777777778, 5.1, -4.7272727272727275, 4.25, -4.0, 3.642857142857143, -3.466666666666667, 3.1875, -3.0588235294117645, 2.8333333333333335, -2.736842105263158, 2.55, -2.4761904761904763, 2.3181818181818183, -2.260869565217391, 2.125, -2.08, 1.9615384615384615, -1.9259259259259258, 1.8214285714285714, -1.793103448275862, 1.7, -1.6774193548387097, 1.59375, -1.5757575757575757, 1.5, -1.4857142857142858, 1.4166666666666667, -1.4054054054054055, 1.3421052631578947, -1.3333333333333333, 1.275, -1.2682926829268293, 1.2142857142857142, -1.2093023255813953, 1.1590909090909092, -1.1555555555555554, 1.108695652173913, -1.1063829787234043, 1.0625, -1.0612244897959184, 1.02]
51 | 67626.00 | [26.0, -26.5, 17.333333333333332, -13.25, 10.4, -8.833333333333334, 7.428571428571429, -6.625, 5.777777777777778, -5.3, 4.7272727272727275, -4.416666666666667, 4.0, -3.7857142857142856, 3.466666666666667, -3.3125, 3.0588235294117645, -2.9444444444444446, 2.736842105263158, -2.65, 2.4761904761904763, -2.409090909090909, 2.260869565217391, -2.2083333333333335, 2.08, -2.0384615384615383, 1.9259259259259258, -1.8928571428571428, 1.793103448275862, -1.7666666666666666, 1.6774193548387097, -1.65625, 1.5757575757575757, -1.5588235294117647, 1.4857142857142858, -1.4722222222222223, 1.4054054054054055, -1.394736842105263, 1.3333333333333333, -1.325, 1.2682926829268293, -1.2619047619047619, 1.2093023255813953, -1.2045454545454546, 1.1555555555555554, -1.1521739130434783, 1.1063829787234043, -1.1041666666666667, 1.0612244897959184, -1.06, 1.0196078431372548]
52 | 70278.00 | [-27.0, 26.5, -18.0, 13.25, -10.8, 8.833333333333334, -7.714285714285714, 6.625, -6.0, 5.3, -4.909090909090909, 4.416666666666667, -4.153846153846154, 3.7857142857142856, -3.6, 3.3125, -3.176470588235294, 2.9444444444444446, -2.8421052631578947, 2.65, -2.5714285714285716, 2.409090909090909, -2.347826086956522, 2.2083333333333335, -2.16, 2.0384615384615383, -2.0, 1.8928571428571428, -1.8620689655172413, 1.7666666666666666, -1.7419354838709677, 1.65625, -1.6363636363636365, 1.5588235294117647, -1.542857142857143, 1.4722222222222223, -1.4594594594594594, 1.394736842105263, -1.3846153846153846, 1.325, -1.3170731707317074, 1.2619047619047619, -1.255813953488372, 1.2045454545454546, -1.2, 1.1521739130434783, -1.148936170212766, 1.1041666666666667, -1.1020408163265305, 1.06, -1.0588235294117647, 1.0192307692307692]
53 | 75843.00 | [27.0, -27.5, 18.0, -13.75, 10.8, -9.166666666666666, 7.714285714285714, -6.875, 6.0, -5.5, 4.909090909090909, -4.583333333333333, 4.153846153846154, -3.9285714285714284, 3.6, -3.4375, 3.176470588235294, -3.0555555555555554, 2.8421052631578947, -2.75, 2.5714285714285716, -2.5, 2.347826086956522, -2.2916666666666665, 2.16, -2.1153846153846154, 2.0, -1.9642857142857142, 1.8620689655172413, -1.8333333333333333, 1.7419354838709677, -1.71875, 1.6363636363636365, -1.6176470588235294, 1.542857142857143, -1.5277777777777777, 1.4594594594594594, -1.4473684210526316, 1.3846153846153846, -1.375, 1.3170731707317074, -1.3095238095238095, 1.255813953488372, -1.25, 1.2, -1.1956521739130435, 1.148936170212766, -1.1458333333333333, 1.1020408163265305, -1.1, 1.0588235294117647, -1.0576923076923077, 1.0188679245283019]
54 | 78705.00 | [-28.0, 27.5, -18.666666666666668, 13.75, -11.2, 9.166666666666666, -8.0, 6.875, -6.222222222222222, 5.5, -5.090909090909091, 4.583333333333333, -4.3076923076923075, 3.9285714285714284, -3.7333333333333334, 3.4375, -3.2941176470588234, 3.0555555555555554, -2.9473684210526314, 2.75, -2.6666666666666665, 2.5, -2.4347826086956523, 2.2916666666666665, -2.24, 2.1153846153846154, -2.074074074074074, 1.9642857142857142, -1.9310344827586208, 1.8333333333333333, -1.8064516129032258, 1.71875, -1.696969696969697, 1.6176470588235294, -1.6, 1.5277777777777777, -1.5135135135135136, 1.4473684210526316, -1.435897435897436, 1.375, -1.3658536585365855, 1.3095238095238095, -1.302325581395349, 1.25, -1.2444444444444445, 1.1956521739130435, -1.1914893617021276, 1.1458333333333333, -1.1428571428571428, 1.1, -1.0980392156862746, 1.0576923076923077, -1.0566037735849056, 1.0185185185185186]
55 | 84700.00 | [28.0, -28.5, 18.666666666666668, -14.25, 11.2, -9.5, 8.0, -7.125, 6.222222222222222, -5.7, 5.090909090909091, -4.75, 4.3076923076923075, -4.071428571428571, 3.7333333333333334, -3.5625, 3.2941176470588234, -3.1666666666666665, 2.9473684210526314, -2.85, 2.6666666666666665, -2.590909090909091, 2.4347826086956523, -2.375, 2.24, -2.1923076923076925, 2.074074074074074, -2.0357142857142856, 1.9310344827586208, -1.9, 1.8064516129032258, -1.78125, 1.696969696969697, -1.6764705882352942, 1.6, -1.5833333333333333, 1.5135135135135136, -1.5, 1.435897435897436, -1.425, 1.3658536585365855, -1.3571428571428572, 1.302325581395349, -1.2954545454545454, 1.2444444444444445, -1.2391304347826086, 1.1914893617021276, -1.1875, 1.1428571428571428, -1.14, 1.0980392156862746, -1.0961538461538463, 1.0566037735849056, -1.0555555555555556, 1.018181818181818]
56 | 87780.00 | [-29.0, 28.5, -19.333333333333332, 14.25, -11.6, 9.5, -8.285714285714286, 7.125, -6.444444444444445, 5.7, -5.2727272727272725, 4.75, -4.461538461538462, 4.071428571428571, -3.8666666666666667, 3.5625, -3.411764705882353, 3.1666666666666665, -3.0526315789473686, 2.85, -2.761904761904762, 2.590909090909091, -2.5217391304347827, 2.375, -2.32, 2.1923076923076925, -2.1481481481481484, 2.0357142857142856, -2.0, 1.9, -1.8709677419354838, 1.78125, -1.7575757575757576, 1.6764705882352942, -1.6571428571428573, 1.5833333333333333, -1.5675675675675675, 1.5, -1.4871794871794872, 1.425, -1.4146341463414633, 1.3571428571428572, -1.3488372093023255, 1.2954545454545454, -1.288888888888889, 1.2391304347826086, -1.2340425531914894, 1.1875, -1.183673469387755, 1.14, -1.1372549019607843, 1.0961538461538463, -1.0943396226415094, 1.0555555555555556, -1.0545454545454545, 1.0178571428571428]
57 | 94221.00 | [29.0, -29.5, 19.333333333333332, -14.75, 11.6, -9.833333333333334, 8.285714285714286, -7.375, 6.444444444444445, -5.9, 5.2727272727272725, -4.916666666666667, 4.461538461538462, -4.214285714285714, 3.8666666666666667, -3.6875, 3.411764705882353, -3.2777777777777777, 3.0526315789473686, -2.95, 2.761904761904762, -2.6818181818181817, 2.5217391304347827, -2.4583333333333335, 2.32, -2.269230769230769, 2.1481481481481484, -2.107142857142857, 2.0, -1.9666666666666666, 1.8709677419354838, -1.84375, 1.7575757575757576, -1.7352941176470589, 1.6571428571428573, -1.6388888888888888, 1.5675675675675675, -1.5526315789473684, 1.4871794871794872, -1.475, 1.4146341463414633, -1.4047619047619047, 1.3488372093023255, -1.3409090909090908, 1.288888888888889, -1.2826086956521738, 1.2340425531914894, -1.2291666666666667, 1.183673469387755, -1.18, 1.1372549019607843, -1.1346153846153846, 1.0943396226415094, -1.0925925925925926, 1.0545454545454545, -1.0535714285714286, 1.0175438596491229]
58 | 97527.00 | [-30.0, 29.5, -20.0, 14.75, -12.0, 9.833333333333334, -8.571428571428571, 7.375, -6.666666666666667, 5.9, -5.454545454545454, 4.916666666666667, -4.615384615384615, 4.214285714285714, -4.0, 3.6875, -3.5294117647058822, 3.2777777777777777, -3.1578947368421053, 2.95, -2.857142857142857, 2.6818181818181817, -2.608695652173913, 2.4583333333333335, -2.4, 2.269230769230769, -2.2222222222222223, 2.107142857142857, -2.0689655172413794, 1.9666666666666666, -1.935483870967742, 1.84375, -1.8181818181818181, 1.7352941176470589, -1.7142857142857142, 1.6388888888888888, -1.6216216216216217, 1.5526315789473684, -1.5384615384615385, 1.475, -1.4634146341463414, 1.4047619047619047, -1.3953488372093024, 1.3409090909090908, -1.3333333333333333, 1.2826086956521738, -1.2765957446808511, 1.2291666666666667, -1.2244897959183674, 1.18, -1.1764705882352942, 1.1346153846153846, -1.1320754716981132, 1.0925925925925926, -1.0909090909090908, 1.0535714285714286, -1.0526315789473684, 1.0172413793103448]
59 | 104430.00 | [30.0, -30.5, 20.0, -15.25, 12.0, -10.166666666666666, 8.571428571428571, -7.625, 6.666666666666667, -6.1, 5.454545454545454, -5.083333333333333, 4.615384615384615, -4.357142857142857, 4.0, -3.8125, 3.5294117647058822, -3.388888888888889, 3.1578947368421053, -3.05, 2.857142857142857, -2.772727272727273, 2.608695652173913, -2.5416666666666665, 2.4, -2.3461538461538463, 2.2222222222222223, -2.1785714285714284, 2.0689655172413794, -2.033333333333333, 1.935483870967742, -1.90625, 1.8181818181818181, -1.7941176470588236, 1.7142857142857142, -1.6944444444444444, 1.6216216216216217, -1.605263157894737, 1.5384615384615385, -1.525, 1.4634146341463414, -1.4523809523809523, 1.3953488372093024, -1.3863636363636365, 1.3333333333333333, -1.326086956521739, 1.2765957446808511, -1.2708333333333333, 1.2244897959183674, -1.22, 1.1764705882352942, -1.1730769230769231, 1.1320754716981132, -1.1296296296296295, 1.0909090909090908, -1.0892857142857142, 1.0526315789473684, -1.0517241379310345, 1.0169491525423728]
60 | 107970.00 | [-31.0, 30.5, -20.666666666666668, 15.25, -12.4, 10.166666666666666, -8.857142857142858, 7.625, -6.888888888888889, 6.1, -5.636363636363637, 5.083333333333333, -4.769230769230769, 4.357142857142857, -4.133333333333334, 3.8125, -3.6470588235294117, 3.388888888888889, -3.263157894736842, 3.05, -2.9523809523809526, 2.772727272727273, -2.6956521739130435, 2.5416666666666665, -2.48, 2.3461538461538463, -2.2962962962962963, 2.1785714285714284, -2.1379310344827585, 2.033333333333333, -2.0, 1.90625, -1.878787878787879, 1.7941176470588236, -1.7714285714285714, 1.6944444444444444, -1.6756756756756757, 1.605263157894737, -1.5897435897435896, 1.525, -1.5121951219512195, 1.4523809523809523, -1.441860465116279, 1.3863636363636365, -1.3777777777777778, 1.326086956521739, -1.3191489361702127, 1.2708333333333333, -1.2653061224489797, 1.22, -1.2156862745098038, 1.1730769230769231, -1.169811320754717, 1.1296296296296295, -1.1272727272727272, 1.0892857142857142, -1.087719298245614, 1.0517241379310345, -1.0508474576271187, 1.0166666666666666]
61 | 115351.00 | [31.0, -31.5, 20.666666666666668, -15.75, 12.4, -10.5, 8.857142857142858, -7.875, 6.888888888888889, -6.3, 5.636363636363637, -5.25, 4.769230769230769, -4.5, 4.133333333333334, -3.9375, 3.6470588235294117, -3.5, 3.263157894736842, -3.15, 2.9523809523809526, -2.8636363636363638, 2.6956521739130435, -2.625, 2.48, -2.423076923076923, 2.2962962962962963, -2.25, 2.1379310344827585, -2.1, 2.0, -1.96875, 1.878787878787879, -1.8529411764705883, 1.7714285714285714, -1.75, 1.6756756756756757, -1.6578947368421053, 1.5897435897435896, -1.575, 1.5121951219512195, -1.5, 1.441860465116279, -1.4318181818181819, 1.3777777777777778, -1.3695652173913044, 1.3191489361702127, -1.3125, 1.2653061224489797, -1.26, 1.2156862745098038, -1.2115384615384615, 1.169811320754717, -1.1666666666666667, 1.1272727272727272, -1.125, 1.087719298245614, -1.0862068965517242, 1.0508474576271187, -1.05, 1.0163934426229508]
62 | 119133.00 | [-32.0, 31.5, -21.333333333333332, 15.75, -12.8, 10.5, -9.142857142857142, 7.875, -7.111111111111111, 6.3, -5.818181818181818, 5.25, -4.923076923076923, 4.5, -4.266666666666667, 3.9375, -3.764705882352941, 3.5, -3.3684210526315788, 3.15, -3.0476190476190474, 2.8636363636363638, -2.782608695652174, 2.625, -2.56, 2.423076923076923, -2.3703703703703702, 2.25, -2.206896551724138, 2.1, -2.064516129032258, 1.96875, -1.9393939393939394, 1.8529411764705883, -1.8285714285714285, 1.75, -1.7297297297297298, 1.6578947368421053, -1.641025641025641, 1.575, -1.5609756097560976, 1.5, -1.4883720930232558, 1.4318181818181819, -1.4222222222222223, 1.3695652173913044, -1.3617021276595744, 1.3125, -1.3061224489795917, 1.26, -1.2549019607843137, 1.2115384615384615, -1.2075471698113207, 1.1666666666666667, -1.1636363636363636, 1.125, -1.1228070175438596, 1.0862068965517242, -1.0847457627118644, 1.05, -1.0491803278688525, 1.0161290322580645]
63 | 127008.00 | [32.0, -32.5, 21.333333333333332, -16.25, 12.8, -10.833333333333334, 9.142857142857142, -8.125, 7.111111111111111, -6.5, 5.818181818181818, -5.416666666666667, 4.923076923076923, -4.642857142857143, 4.266666666666667, -4.0625, 3.764705882352941, -3.611111111111111, 3.3684210526315788, -3.25, 3.0476190476190474, -2.9545454545454546, 2.782608695652174, -2.7083333333333335, 2.56, -2.5, 2.3703703703703702, -2.3214285714285716, 2.206896551724138, -2.1666666666666665, 2.064516129032258, -2.03125, 1.9393939393939394, -1.911764705882353, 1.8285714285714285, -1.8055555555555556, 1.7297297297297298, -1.7105263157894737, 1.641025641025641, -1.625, 1.5609756097560976, -1.5476190476190477, 1.4883720930232558, -1.4772727272727273, 1.4222222222222223, -1.4130434782608696, 1.3617021276595744, -1.3541666666666667, 1.3061224489795917, -1.3, 1.2549019607843137, -1.25, 1.2075471698113207, -1.2037037037037037, 1.1636363636363636, -1.1607142857142858, 1.1228070175438596, -1.1206896551724137, 1.0847457627118644, -1.0833333333333333, 1.0491803278688525, -1.0483870967741935, 1.0158730158730158]
64 | 131040.00 | [-33.0, 32.5, -22.0, 16.25, -13.2, 10.833333333333334, -9.428571428571429, 8.125, -7.333333333333333, 6.5, -6.0, 5.416666666666667, -5.076923076923077, 4.642857142857143, -4.4, 4.0625, -3.8823529411764706, 3.611111111111111, -3.473684210526316, 3.25, -3.142857142857143, 2.9545454545454546, -2.869565217391304, 2.7083333333333335, -2.64, 2.5, -2.4444444444444446, 2.3214285714285716, -2.2758620689655173, 2.1666666666666665, -2.129032258064516, 2.03125, -2.0, 1.911764705882353, -1.8857142857142857, 1.8055555555555556, -1.7837837837837838, 1.7105263157894737, -1.6923076923076923, 1.625, -1.6097560975609757, 1.5476190476190477, -1.5348837209302326, 1.4772727272727273, -1.4666666666666666, 1.4130434782608696, -1.4042553191489362, 1.3541666666666667, -1.346938775510204, 1.3, -1.2941176470588236, 1.25, -1.2452830188679245, 1.2037037037037037, -1.2, 1.1607142857142858, -1.1578947368421053, 1.1206896551724137, -1.11864406779661, 1.0833333333333333, -1.0819672131147542, 1.0483870967741935, -1.0476190476190477, 1.015625]
65 | 139425.00 | [33.0, -33.5, 22.0, -16.75, 13.2, -11.166666666666666, 9.428571428571429, -8.375, 7.333333333333333, -6.7, 6.0, -5.583333333333333, 5.076923076923077, -4.785714285714286, 4.4, -4.1875, 3.8823529411764706, -3.7222222222222223, 3.473684210526316, -3.35, 3.142857142857143, -3.0454545454545454, 2.869565217391304, -2.7916666666666665, 2.64, -2.576923076923077, 2.4444444444444446, -2.392857142857143, 2.2758620689655173, -2.2333333333333334, 2.129032258064516, -2.09375, 2.0, -1.9705882352941178, 1.8857142857142857, -1.8611111111111112, 1.7837837837837838, -1.763157894736842, 1.6923076923076923, -1.675, 1.6097560975609757, -1.5952380952380953, 1.5348837209302326, -1.5227272727272727, 1.4666666666666666, -1.4565217391304348, 1.4042553191489362, -1.3958333333333333, 1.346938775510204, -1.34, 1.2941176470588236, -1.2884615384615385, 1.2452830188679245, -1.2407407407407407, 1.2, -1.1964285714285714, 1.1578947368421053, -1.1551724137931034, 1.11864406779661, -1.1166666666666667, 1.0819672131147542, -1.0806451612903225, 1.0476190476190477, -1.046875, 1.0153846153846153]
66 | 143715.00 | [-34.0, 33.5, -22.666666666666668, 16.75, -13.6, 11.166666666666666, -9.714285714285714, 8.375, -7.555555555555555, 6.7, -6.181818181818182, 5.583333333333333, -5.230769230769231, 4.785714285714286, -4.533333333333333, 4.1875, -4.0, 3.7222222222222223, -3.5789473684210527, 3.35, -3.238095238095238, 3.0454545454545454, -2.9565217391304346, 2.7916666666666665, -2.72, 2.576923076923077, -2.5185185185185186, 2.392857142857143, -2.3448275862068964, 2.2333333333333334, -2.193548387096774, 2.09375, -2.0606060606060606, 1.9705882352941178, -1.9428571428571428, 1.8611111111111112, -1.837837837837838, 1.763157894736842, -1.7435897435897436, 1.675, -1.6585365853658536, 1.5952380952380953, -1.5813953488372092, 1.5227272727272727, -1.511111111111111, 1.4565217391304348, -1.446808510638298, 1.3958333333333333, -1.3877551020408163, 1.34, -1.3333333333333333, 1.2884615384615385, -1.2830188679245282, 1.2407407407407407, -1.2363636363636363, 1.1964285714285714, -1.1929824561403508, 1.1551724137931034, -1.152542372881356, 1.1166666666666667, -1.1147540983606556, 1.0806451612903225, -1.0793650793650793, 1.046875, -1.0461538461538462, 1.0151515151515151]
67 | 152626.00 | [34.0, -34.5, 22.666666666666668, -17.25, 13.6, -11.5, 9.714285714285714, -8.625, 7.555555555555555, -6.9, 6.181818181818182, -5.75, 5.230769230769231, -4.928571428571429, 4.533333333333333, -4.3125, 4.0, -3.8333333333333335, 3.5789473684210527, -3.45, 3.238095238095238, -3.1363636363636362, 2.9565217391304346, -2.875, 2.72, -2.6538461538461537, 2.5185185185185186, -2.4642857142857144, 2.3448275862068964, -2.3, 2.193548387096774, -2.15625, 2.0606060606060606, -2.0294117647058822, 1.9428571428571428, -1.9166666666666667, 1.837837837837838, -1.8157894736842106, 1.7435897435897436, -1.725, 1.6585365853658536, -1.6428571428571428, 1.5813953488372092, -1.5681818181818181, 1.511111111111111, -1.5, 1.446808510638298, -1.4375, 1.3877551020408163, -1.38, 1.3333333333333333, -1.3269230769230769, 1.2830188679245282, -1.2777777777777777, 1.2363636363636363, -1.2321428571428572, 1.1929824561403508, -1.1896551724137931, 1.152542372881356, -1.15, 1.1147540983606556, -1.1129032258064515, 1.0793650793650793, -1.078125, 1.0461538461538462, -1.0454545454545454, 1.0149253731343284]
68 | 157182.00 | [-35.0, 34.5, -23.333333333333332, 17.25, -14.0, 11.5, -10.0, 8.625, -7.777777777777778, 6.9, -6.363636363636363, 5.75, -5.384615384615385, 4.928571428571429, -4.666666666666667, 4.3125, -4.117647058823529, 3.8333333333333335, -3.6842105263157894, 3.45, -3.3333333333333335, 3.1363636363636362, -3.0434782608695654, 2.875, -2.8, 2.6538461538461537, -2.5925925925925926, 2.4642857142857144, -2.413793103448276, 2.3, -2.2580645161290325, 2.15625, -2.121212121212121, 2.0294117647058822, -2.0, 1.9166666666666667, -1.8918918918918919, 1.8157894736842106, -1.794871794871795, 1.725, -1.7073170731707317, 1.6428571428571428, -1.627906976744186, 1.5681818181818181, -1.5555555555555556, 1.5, -1.4893617021276595, 1.4375, -1.4285714285714286, 1.38, -1.3725490196078431, 1.3269230769230769, -1.320754716981132, 1.2777777777777777, -1.2727272727272727, 1.2321428571428572, -1.2280701754385965, 1.1896551724137931, -1.1864406779661016, 1.15, -1.1475409836065573, 1.1129032258064515, -1.1111111111111112, 1.078125, -1.0769230769230769, 1.0454545454545454, -1.044776119402985, 1.0147058823529411]
69 | 166635.00 | [35.0, -35.5, 23.333333333333332, -17.75, 14.0, -11.833333333333334, 10.0, -8.875, 7.777777777777778, -7.1, 6.363636363636363, -5.916666666666667, 5.384615384615385, -5.071428571428571, 4.666666666666667, -4.4375, 4.117647058823529, -3.9444444444444446, 3.6842105263157894, -3.55, 3.3333333333333335, -3.227272727272727, 3.0434782608695654, -2.9583333333333335, 2.8, -2.730769230769231, 2.5925925925925926, -2.5357142857142856, 2.413793103448276, -2.3666666666666667, 2.2580645161290325, -2.21875, 2.121212121212121, -2.088235294117647, 2.0, -1.9722222222222223, 1.8918918918918919, -1.868421052631579, 1.794871794871795, -1.775, 1.7073170731707317, -1.6904761904761905, 1.627906976744186, -1.6136363636363635, 1.5555555555555556, -1.5434782608695652, 1.4893617021276595, -1.4791666666666667, 1.4285714285714286, -1.42, 1.3725490196078431, -1.3653846153846154, 1.320754716981132, -1.3148148148148149, 1.2727272727272727, -1.2678571428571428, 1.2280701754385965, -1.2241379310344827, 1.1864406779661016, -1.1833333333333333, 1.1475409836065573, -1.1451612903225807, 1.1111111111111112, -1.109375, 1.0769230769230769, -1.0757575757575757, 1.044776119402985, -1.0441176470588236, 1.0144927536231885]
70 | 171465.00 | [-36.0, 35.5, -24.0, 17.75, -14.4, 11.833333333333334, -10.285714285714286, 8.875, -8.0, 7.1, -6.545454545454546, 5.916666666666667, -5.538461538461538, 5.071428571428571, -4.8, 4.4375, -4.235294117647059, 3.9444444444444446, -3.789473684210526, 3.55, -3.4285714285714284, 3.227272727272727, -3.130434782608696, 2.9583333333333335, -2.88, 2.730769230769231, -2.6666666666666665, 2.5357142857142856, -2.4827586206896552, 2.3666666666666667, -2.3225806451612905, 2.21875, -2.1818181818181817, 2.088235294117647, -2.057142857142857, 1.9722222222222223, -1.945945945945946, 1.868421052631579, -1.8461538461538463, 1.775, -1.7560975609756098, 1.6904761904761905, -1.6744186046511629, 1.6136363636363635, -1.6, 1.5434782608695652, -1.5319148936170213, 1.4791666666666667, -1.469387755102041, 1.42, -1.411764705882353, 1.3653846153846154, -1.3584905660377358, 1.3148148148148149, -1.309090909090909, 1.2678571428571428, -1.263157894736842, 1.2241379310344827, -1.2203389830508475, 1.1833333333333333, -1.180327868852459, 1.1451612903225807, -1.1428571428571428, 1.109375, -1.1076923076923078, 1.0757575757575757, -1.0746268656716418, 1.0441176470588236, -1.0434782608695652, 1.0142857142857142]
71 | 181476.00 | [36.0, -36.5, 24.0, -18.25, 14.4, -12.166666666666666, 10.285714285714286, -9.125, 8.0, -7.3, 6.545454545454546, -6.083333333333333, 5.538461538461538, -5.214285714285714, 4.8, -4.5625, 4.235294117647059, -4.055555555555555, 3.789473684210526, -3.65, 3.4285714285714284, -3.3181818181818183, 3.130434782608696, -3.0416666666666665, 2.88, -2.8076923076923075, 2.6666666666666665, -2.607142857142857, 2.4827586206896552, -2.433333333333333, 2.3225806451612905, -2.28125, 2.1818181818181817, -2.1470588235294117, 2.057142857142857, -2.0277777777777777, 1.945945945945946, -1.9210526315789473, 1.8461538461538463, -1.825, 1.7560975609756098, -1.7380952380952381, 1.6744186046511629, -1.6590909090909092, 1.6, -1.5869565217391304, 1.5319148936170213, -1.5208333333333333, 1.469387755102041, -1.46, 1.411764705882353, -1.4038461538461537, 1.3584905660377358, -1.3518518518518519, 1.309090909090909, -1.3035714285714286, 1.263157894736842, -1.2586206896551724, 1.2203389830508475, -1.2166666666666666, 1.180327868852459, -1.1774193548387097, 1.1428571428571428, -1.140625, 1.1076923076923078, -1.106060606060606, 1.0746268656716418, -1.0735294117647058, 1.0434782608695652, -1.042857142857143, 1.0140845070422535]
72 | 186588.00 | [-37.0, 36.5, -24.666666666666668, 18.25, -14.8, 12.166666666666666, -10.571428571428571, 9.125, -8.222222222222221, 7.3, -6.7272727272727275, 6.083333333333333, -5.6923076923076925, 5.214285714285714, -4.933333333333334, 4.5625, -4.352941176470588, 4.055555555555555, -3.8947368421052633, 3.65, -3.5238095238095237, 3.3181818181818183, -3.217391304347826, 3.0416666666666665, -2.96, 2.8076923076923075, -2.740740740740741, 2.607142857142857, -2.5517241379310347, 2.433333333333333, -2.3870967741935485, 2.28125, -2.242424242424242, 2.1470588235294117, -2.1142857142857143, 2.0277777777777777, -2.0, 1.9210526315789473, -1.8974358974358974, 1.825, -1.8048780487804879, 1.7380952380952381, -1.7209302325581395, 1.6590909090909092, -1.6444444444444444, 1.5869565217391304, -1.574468085106383, 1.5208333333333333, -1.510204081632653, 1.46, -1.4509803921568627, 1.4038461538461537, -1.3962264150943395, 1.3518518518518519, -1.3454545454545455, 1.3035714285714286, -1.2982456140350878, 1.2586206896551724, -1.2542372881355932, 1.2166666666666666, -1.2131147540983607, 1.1774193548387097, -1.1746031746031746, 1.140625, -1.1384615384615384, 1.106060606060606, -1.1044776119402986, 1.0735294117647058, -1.0724637681159421, 1.042857142857143, -1.0422535211267605, 1.0138888888888888]
73 | 197173.00 | [37.0, -37.5, 24.666666666666668, -18.75, 14.8, -12.5, 10.571428571428571, -9.375, 8.222222222222221, -7.5, 6.7272727272727275, -6.25, 5.6923076923076925, -5.357142857142857, 4.933333333333334, -4.6875, 4.352941176470588, -4.166666666666667, 3.8947368421052633, -3.75, 3.5238095238095237, -3.409090909090909, 3.217391304347826, -3.125, 2.96, -2.8846153846153846, 2.740740740740741, -2.6785714285714284, 2.5517241379310347, -2.5, 2.3870967741935485, -2.34375, 2.242424242424242, -2.2058823529411766, 2.1142857142857143, -2.0833333333333335, 2.0, -1.9736842105263157, 1.8974358974358974, -1.875, 1.8048780487804879, -1.7857142857142858, 1.7209302325581395, -1.7045454545454546, 1.6444444444444444, -1.6304347826086956, 1.574468085106383, -1.5625, 1.510204081632653, -1.5, 1.4509803921568627, -1.4423076923076923, 1.3962264150943395, -1.3888888888888888, 1.3454545454545455, -1.3392857142857142, 1.2982456140350878, -1.293103448275862, 1.2542372881355932, -1.25, 1.2131147540983607, -1.2096774193548387, 1.1746031746031746, -1.171875, 1.1384615384615384, -1.1363636363636365, 1.1044776119402986, -1.1029411764705883, 1.0724637681159421, -1.0714285714285714, 1.0422535211267605, -1.0416666666666667, 1.0136986301369864]
74 | 202575.00 | [-38.0, 37.5, -25.333333333333332, 18.75, -15.2, 12.5, -10.857142857142858, 9.375, -8.444444444444445, 7.5, -6.909090909090909, 6.25, -5.846153846153846, 5.357142857142857, -5.066666666666666, 4.6875, -4.470588235294118, 4.166666666666667, -4.0, 3.75, -3.619047619047619, 3.409090909090909, -3.3043478260869565, 3.125, -3.04, 2.8846153846153846, -2.814814814814815, 2.6785714285714284, -2.6206896551724137, 2.5, -2.4516129032258065, 2.34375, -2.303030303030303, 2.2058823529411766, -2.1714285714285713, 2.0833333333333335, -2.054054054054054, 1.9736842105263157, -1.9487179487179487, 1.875, -1.853658536585366, 1.7857142857142858, -1.7674418604651163, 1.7045454545454546, -1.6888888888888889, 1.6304347826086956, -1.6170212765957446, 1.5625, -1.5510204081632653, 1.5, -1.4901960784313726, 1.4423076923076923, -1.4339622641509433, 1.3888888888888888, -1.3818181818181818, 1.3392857142857142, -1.3333333333333333, 1.293103448275862, -1.2881355932203389, 1.25, -1.2459016393442623, 1.2096774193548387, -1.2063492063492063, 1.171875, -1.1692307692307693, 1.1363636363636365, -1.1343283582089552, 1.1029411764705883, -1.1014492753623188, 1.0714285714285714, -1.0704225352112675, 1.0416666666666667, -1.0410958904109588, 1.0135135135135136]
75 | 213750.00 | [38.0, -38.5, 25.333333333333332, -19.25, 15.2, -12.833333333333334, 10.857142857142858, -9.625, 8.444444444444445, -7.7, 6.909090909090909, -6.416666666666667, 5.846153846153846, -5.5, 5.066666666666666, -4.8125, 4.470588235294118, -4.277777777777778, 4.0, -3.85, 3.619047619047619, -3.5, 3.3043478260869565, -3.2083333333333335, 3.04, -2.9615384615384617, 2.814814814814815, -2.75, 2.6206896551724137, -2.566666666666667, 2.4516129032258065, -2.40625, 2.303030303030303, -2.264705882352941, 2.1714285714285713, -2.138888888888889, 2.054054054054054, -2.026315789473684, 1.9487179487179487, -1.925, 1.853658536585366, -1.8333333333333333, 1.7674418604651163, -1.75, 1.6888888888888889, -1.673913043478261, 1.6170212765957446, -1.6041666666666667, 1.5510204081632653, -1.54, 1.4901960784313726, -1.4807692307692308, 1.4339622641509433, -1.4259259259259258, 1.3818181818181818, -1.375, 1.3333333333333333, -1.3275862068965518, 1.2881355932203389, -1.2833333333333334, 1.2459016393442623, -1.2419354838709677, 1.2063492063492063, -1.203125, 1.1692307692307693, -1.1666666666666667, 1.1343283582089552, -1.1323529411764706, 1.1014492753623188, -1.1, 1.0704225352112675, -1.0694444444444444, 1.0410958904109588, -1.0405405405405406, 1.0133333333333334]
76 | 219450.00 | [-39.0, 38.5, -26.0, 19.25, -15.6, 12.833333333333334, -11.142857142857142, 9.625, -8.666666666666666, 7.7, -7.090909090909091, 6.416666666666667, -6.0, 5.5, -5.2, 4.8125, -4.588235294117647, 4.277777777777778, -4.105263157894737, 3.85, -3.7142857142857144, 3.5, -3.391304347826087, 3.2083333333333335, -3.12, 2.9615384615384617, -2.888888888888889, 2.75, -2.689655172413793, 2.566666666666667, -2.5161290322580645, 2.40625, -2.3636363636363638, 2.264705882352941, -2.2285714285714286, 2.138888888888889, -2.108108108108108, 2.026315789473684, -2.0, 1.925, -1.9024390243902438, 1.8333333333333333, -1.813953488372093, 1.75, -1.7333333333333334, 1.673913043478261, -1.6595744680851063, 1.6041666666666667, -1.5918367346938775, 1.54, -1.5294117647058822, 1.4807692307692308, -1.471698113207547, 1.4259259259259258, -1.4181818181818182, 1.375, -1.368421052631579, 1.3275862068965518, -1.3220338983050848, 1.2833333333333334, -1.278688524590164, 1.2419354838709677, -1.2380952380952381, 1.203125, -1.2, 1.1666666666666667, -1.164179104477612, 1.1323529411764706, -1.1304347826086956, 1.1, -1.0985915492957747, 1.0694444444444444, -1.0684931506849316, 1.0405405405405406, -1.04, 1.013157894736842]
77 | 231231.00 | [39.0, -39.5, 26.0, -19.75, 15.6, -13.166666666666666, 11.142857142857142, -9.875, 8.666666666666666, -7.9, 7.090909090909091, -6.583333333333333, 6.0, -5.642857142857143, 5.2, -4.9375, 4.588235294117647, -4.388888888888889, 4.105263157894737, -3.95, 3.7142857142857144, -3.590909090909091, 3.391304347826087, -3.2916666666666665, 3.12, -3.0384615384615383, 2.888888888888889, -2.8214285714285716, 2.689655172413793, -2.6333333333333333, 2.5161290322580645, -2.46875, 2.3636363636363638, -2.323529411764706, 2.2285714285714286, -2.1944444444444446, 2.108108108108108, -2.0789473684210527, 2.0, -1.975, 1.9024390243902438, -1.880952380952381, 1.813953488372093, -1.7954545454545454, 1.7333333333333334, -1.7173913043478262, 1.6595744680851063, -1.6458333333333333, 1.5918367346938775, -1.58, 1.5294117647058822, -1.5192307692307692, 1.471698113207547, -1.462962962962963, 1.4181818181818182, -1.4107142857142858, 1.368421052631579, -1.3620689655172413, 1.3220338983050848, -1.3166666666666667, 1.278688524590164, -1.2741935483870968, 1.2380952380952381, -1.234375, 1.2, -1.196969696969697, 1.164179104477612, -1.161764705882353, 1.1304347826086956, -1.1285714285714286, 1.0985915492957747, -1.0972222222222223, 1.0684931506849316, -1.0675675675675675, 1.04, -1.0394736842105263, 1.0129870129870129]
78 | 237237.00 | [-40.0, 39.5, -26.666666666666668, 19.75, -16.0, 13.166666666666666, -11.428571428571429, 9.875, -8.88888888888889, 7.9, -7.2727272727272725, 6.583333333333333, -6.153846153846154, 5.642857142857143, -5.333333333333333, 4.9375, -4.705882352941177, 4.388888888888889, -4.2105263157894735, 3.95, -3.8095238095238093, 3.590909090909091, -3.4782608695652173, 3.2916666666666665, -3.2, 3.0384615384615383, -2.962962962962963, 2.8214285714285716, -2.7586206896551726, 2.6333333333333333, -2.5806451612903225, 2.46875, -2.4242424242424243, 2.323529411764706, -2.2857142857142856, 2.1944444444444446, -2.1621621621621623, 2.0789473684210527, -2.051282051282051, 1.975, -1.951219512195122, 1.880952380952381, -1.8604651162790697, 1.7954545454545454, -1.7777777777777777, 1.7173913043478262, -1.702127659574468, 1.6458333333333333, -1.6326530612244898, 1.58, -1.5686274509803921, 1.5192307692307692, -1.509433962264151, 1.462962962962963, -1.4545454545454546, 1.4107142857142858, -1.4035087719298245, 1.3620689655172413, -1.3559322033898304, 1.3166666666666667, -1.3114754098360655, 1.2741935483870968, -1.2698412698412698, 1.234375, -1.2307692307692308, 1.196969696969697, -1.1940298507462686, 1.161764705882353, -1.1594202898550725, 1.1285714285714286, -1.1267605633802817, 1.0972222222222223, -1.095890410958904, 1.0675675675675675, -1.0666666666666667, 1.0394736842105263, -1.0389610389610389, 1.0128205128205128]
79 | 249640.00 | [40.0, -40.5, 26.666666666666668, -20.25, 16.0, -13.5, 11.428571428571429, -10.125, 8.88888888888889, -8.1, 7.2727272727272725, -6.75, 6.153846153846154, -5.785714285714286, 5.333333333333333, -5.0625, 4.705882352941177, -4.5, 4.2105263157894735, -4.05, 3.8095238095238093, -3.6818181818181817, 3.4782608695652173, -3.375, 3.2, -3.1153846153846154, 2.962962962962963, -2.892857142857143, 2.7586206896551726, -2.7, 2.5806451612903225, -2.53125, 2.4242424242424243, -2.3823529411764706, 2.2857142857142856, -2.25, 2.1621621621621623, -2.1315789473684212, 2.051282051282051, -2.025, 1.951219512195122, -1.9285714285714286, 1.8604651162790697, -1.8409090909090908, 1.7777777777777777, -1.7608695652173914, 1.702127659574468, -1.6875, 1.6326530612244898, -1.62, 1.5686274509803921, -1.5576923076923077, 1.509433962264151, -1.5, 1.4545454545454546, -1.4464285714285714, 1.4035087719298245, -1.396551724137931, 1.3559322033898304, -1.35, 1.3114754098360655, -1.3064516129032258, 1.2698412698412698, -1.265625, 1.2307692307692308, -1.2272727272727273, 1.1940298507462686, -1.1911764705882353, 1.1594202898550725, -1.1571428571428573, 1.1267605633802817, -1.125, 1.095890410958904, -1.0945945945945945, 1.0666666666666667, -1.0657894736842106, 1.0389610389610389, -1.0384615384615385, 1.0126582278481013]
80 | 255960.00 | [-41.0, 40.5, -27.333333333333332, 20.25, -16.4, 13.5, -11.714285714285714, 10.125, -9.11111111111111, 8.1, -7.454545454545454, 6.75, -6.3076923076923075, 5.785714285714286, -5.466666666666667, 5.0625, -4.823529411764706, 4.5, -4.315789473684211, 4.05, -3.9047619047619047, 3.6818181818181817, -3.5652173913043477, 3.375, -3.28, 3.1153846153846154, -3.037037037037037, 2.892857142857143, -2.8275862068965516, 2.7, -2.6451612903225805, 2.53125, -2.484848484848485, 2.3823529411764706, -2.342857142857143, 2.25, -2.2162162162162162, 2.1315789473684212, -2.1025641025641026, 2.025, -2.0, 1.9285714285714286, -1.9069767441860466, 1.8409090909090908, -1.8222222222222222, 1.7608695652173914, -1.7446808510638299, 1.6875, -1.6734693877551021, 1.62, -1.607843137254902, 1.5576923076923077, -1.5471698113207548, 1.5, -1.490909090909091, 1.4464285714285714, -1.4385964912280702, 1.396551724137931, -1.3898305084745763, 1.35, -1.3442622950819672, 1.3064516129032258, -1.3015873015873016, 1.265625, -1.2615384615384615, 1.2272727272727273, -1.2238805970149254, 1.1911764705882353, -1.1884057971014492, 1.1571428571428573, -1.1549295774647887, 1.125, -1.1232876712328768, 1.0945945945945945, -1.0933333333333333, 1.0657894736842106, -1.0649350649350648, 1.0384615384615385, -1.0379746835443038, 1.0125]
81 | 269001.00 | [41.0, -41.5, 27.333333333333332, -20.75, 16.4, -13.833333333333334, 11.714285714285714, -10.375, 9.11111111111111, -8.3, 7.454545454545454, -6.916666666666667, 6.3076923076923075, -5.928571428571429, 5.466666666666667, -5.1875, 4.823529411764706, -4.611111111111111, 4.315789473684211, -4.15, 3.9047619047619047, -3.772727272727273, 3.5652173913043477, -3.4583333333333335, 3.28, -3.1923076923076925, 3.037037037037037, -2.9642857142857144, 2.8275862068965516, -2.7666666666666666, 2.6451612903225805, -2.59375, 2.484848484848485, -2.4411764705882355, 2.342857142857143, -2.3055555555555554, 2.2162162162162162, -2.1842105263157894, 2.1025641025641026, -2.075, 2.0, -1.9761904761904763, 1.9069767441860466, -1.8863636363636365, 1.8222222222222222, -1.8043478260869565, 1.7446808510638299, -1.7291666666666667, 1.6734693877551021, -1.66, 1.607843137254902, -1.5961538461538463, 1.5471698113207548, -1.537037037037037, 1.490909090909091, -1.4821428571428572, 1.4385964912280702, -1.4310344827586208, 1.3898305084745763, -1.3833333333333333, 1.3442622950819672, -1.3387096774193548, 1.3015873015873016, -1.296875, 1.2615384615384615, -1.2575757575757576, 1.2238805970149254, -1.2205882352941178, 1.1884057971014492, -1.1857142857142857, 1.1549295774647887, -1.1527777777777777, 1.1232876712328768, -1.1216216216216217, 1.0933333333333333, -1.0921052631578947, 1.0649350649350648, -1.064102564102564, 1.0379746835443038, -1.0375, 1.0123456790123457]
82 | 275643.00 | [-42.0, 41.5, -28.0, 20.75, -16.8, 13.833333333333334, -12.0, 10.375, -9.333333333333334, 8.3, -7.636363636363637, 6.916666666666667, -6.461538461538462, 5.928571428571429, -5.6, 5.1875, -4.9411764705882355, 4.611111111111111, -4.421052631578948, 4.15, -4.0, 3.772727272727273, -3.652173913043478, 3.4583333333333335, -3.36, 3.1923076923076925, -3.111111111111111, 2.9642857142857144, -2.896551724137931, 2.7666666666666666, -2.7096774193548385, 2.59375, -2.5454545454545454, 2.4411764705882355, -2.4, 2.3055555555555554, -2.27027027027027, 2.1842105263157894, -2.1538461538461537, 2.075, -2.048780487804878, 1.9761904761904763, -1.9534883720930232, 1.8863636363636365, -1.8666666666666667, 1.8043478260869565, -1.7872340425531914, 1.7291666666666667, -1.7142857142857142, 1.66, -1.6470588235294117, 1.5961538461538463, -1.5849056603773586, 1.537037037037037, -1.5272727272727273, 1.4821428571428572, -1.4736842105263157, 1.4310344827586208, -1.423728813559322, 1.3833333333333333, -1.3770491803278688, 1.3387096774193548, -1.3333333333333333, 1.296875, -1.2923076923076924, 1.2575757575757576, -1.2537313432835822, 1.2205882352941178, -1.2173913043478262, 1.1857142857142857, -1.1830985915492958, 1.1527777777777777, -1.1506849315068493, 1.1216216216216217, -1.12, 1.0921052631578947, -1.0909090909090908, 1.064102564102564, -1.0632911392405062, 1.0375, -1.037037037037037, 1.0121951219512195]
83 | 289338.00 | [42.0, -42.5, 28.0, -21.25, 16.8, -14.166666666666666, 12.0, -10.625, 9.333333333333334, -8.5, 7.636363636363637, -7.083333333333333, 6.461538461538462, -6.071428571428571, 5.6, -5.3125, 4.9411764705882355, -4.722222222222222, 4.421052631578948, -4.25, 4.0, -3.8636363636363638, 3.652173913043478, -3.5416666666666665, 3.36, -3.269230769230769, 3.111111111111111, -3.0357142857142856, 2.896551724137931, -2.8333333333333335, 2.7096774193548385, -2.65625, 2.5454545454545454, -2.5, 2.4, -2.361111111111111, 2.27027027027027, -2.236842105263158, 2.1538461538461537, -2.125, 2.048780487804878, -2.0238095238095237, 1.9534883720930232, -1.9318181818181819, 1.8666666666666667, -1.8478260869565217, 1.7872340425531914, -1.7708333333333333, 1.7142857142857142, -1.7, 1.6470588235294117, -1.6346153846153846, 1.5849056603773586, -1.5740740740740742, 1.5272727272727273, -1.5178571428571428, 1.4736842105263157, -1.4655172413793103, 1.423728813559322, -1.4166666666666667, 1.3770491803278688, -1.3709677419354838, 1.3333333333333333, -1.328125, 1.2923076923076924, -1.2878787878787878, 1.2537313432835822, -1.25, 1.2173913043478262, -1.2142857142857142, 1.1830985915492958, -1.1805555555555556, 1.1506849315068493, -1.1486486486486487, 1.12, -1.118421052631579, 1.0909090909090908, -1.0897435897435896, 1.0632911392405062, -1.0625, 1.037037037037037, -1.0365853658536586, 1.0120481927710843]
84 | 296310.00 | [-43.0, 42.5, -28.666666666666668, 21.25, -17.2, 14.166666666666666, -12.285714285714286, 10.625, -9.555555555555555, 8.5, -7.818181818181818, 7.083333333333333, -6.615384615384615, 6.071428571428571, -5.733333333333333, 5.3125, -5.0588235294117645, 4.722222222222222, -4.526315789473684, 4.25, -4.095238095238095, 3.8636363636363638, -3.739130434782609, 3.5416666666666665, -3.44, 3.269230769230769, -3.185185185185185, 3.0357142857142856, -2.9655172413793105, 2.8333333333333335, -2.774193548387097, 2.65625, -2.606060606060606, 2.5, -2.4571428571428573, 2.361111111111111, -2.324324324324324, 2.236842105263158, -2.2051282051282053, 2.125, -2.097560975609756, 2.0238095238095237, -2.0, 1.9318181818181819, -1.9111111111111112, 1.8478260869565217, -1.8297872340425532, 1.7708333333333333, -1.7551020408163265, 1.7, -1.6862745098039216, 1.6346153846153846, -1.6226415094339623, 1.5740740740740742, -1.5636363636363637, 1.5178571428571428, -1.5087719298245614, 1.4655172413793103, -1.4576271186440677, 1.4166666666666667, -1.4098360655737705, 1.3709677419354838, -1.3650793650793651, 1.328125, -1.323076923076923, 1.2878787878787878, -1.2835820895522387, 1.25, -1.2463768115942029, 1.2142857142857142, -1.2112676056338028, 1.1805555555555556, -1.178082191780822, 1.1486486486486487, -1.1466666666666667, 1.118421052631579, -1.1168831168831168, 1.0897435897435896, -1.0886075949367089, 1.0625, -1.0617283950617284, 1.0365853658536586, -1.036144578313253, 1.0119047619047619]
85 | 310675.00 | [43.0, -43.5, 28.666666666666668, -21.75, 17.2, -14.5, 12.285714285714286, -10.875, 9.555555555555555, -8.7, 7.818181818181818, -7.25, 6.615384615384615, -6.214285714285714, 5.733333333333333, -5.4375, 5.0588235294117645, -4.833333333333333, 4.526315789473684, -4.35, 4.095238095238095, -3.9545454545454546, 3.739130434782609, -3.625, 3.44, -3.3461538461538463, 3.185185185185185, -3.107142857142857, 2.9655172413793105, -2.9, 2.774193548387097, -2.71875, 2.606060606060606, -2.5588235294117645, 2.4571428571428573, -2.4166666666666665, 2.324324324324324, -2.289473684210526, 2.2051282051282053, -2.175, 2.097560975609756, -2.0714285714285716, 2.0, -1.9772727272727273, 1.9111111111111112, -1.891304347826087, 1.8297872340425532, -1.8125, 1.7551020408163265, -1.74, 1.6862745098039216, -1.6730769230769231, 1.6226415094339623, -1.6111111111111112, 1.5636363636363637, -1.5535714285714286, 1.5087719298245614, -1.5, 1.4576271186440677, -1.45, 1.4098360655737705, -1.403225806451613, 1.3650793650793651, -1.359375, 1.323076923076923, -1.3181818181818181, 1.2835820895522387, -1.2794117647058822, 1.2463768115942029, -1.2428571428571429, 1.2112676056338028, -1.2083333333333333, 1.178082191780822, -1.1756756756756757, 1.1466666666666667, -1.144736842105263, 1.1168831168831168, -1.1153846153846154, 1.0886075949367089, -1.0875, 1.0617283950617284, -1.0609756097560976, 1.036144578313253, -1.0357142857142858, 1.011764705882353]
86 | 317985.00 | [-44.0, 43.5, -29.333333333333332, 21.75, -17.6, 14.5, -12.571428571428571, 10.875, -9.777777777777779, 8.7, -8.0, 7.25, -6.769230769230769, 6.214285714285714, -5.866666666666666, 5.4375, -5.176470588235294, 4.833333333333333, -4.631578947368421, 4.35, -4.190476190476191, 3.9545454545454546, -3.8260869565217392, 3.625, -3.52, 3.3461538461538463, -3.259259259259259, 3.107142857142857, -3.0344827586206895, 2.9, -2.838709677419355, 2.71875, -2.6666666666666665, 2.5588235294117645, -2.5142857142857142, 2.4166666666666665, -2.3783783783783785, 2.289473684210526, -2.2564102564102564, 2.175, -2.1463414634146343, 2.0714285714285716, -2.046511627906977, 1.9772727272727273, -1.9555555555555555, 1.891304347826087, -1.872340425531915, 1.8125, -1.7959183673469388, 1.74, -1.7254901960784315, 1.6730769230769231, -1.6603773584905661, 1.6111111111111112, -1.6, 1.5535714285714286, -1.543859649122807, 1.5, -1.4915254237288136, 1.45, -1.4426229508196722, 1.403225806451613, -1.3968253968253967, 1.359375, -1.353846153846154, 1.3181818181818181, -1.3134328358208955, 1.2794117647058822, -1.2753623188405796, 1.2428571428571429, -1.2394366197183098, 1.2083333333333333, -1.2054794520547945, 1.1756756756756757, -1.1733333333333333, 1.144736842105263, -1.1428571428571428, 1.1153846153846154, -1.1139240506329113, 1.0875, -1.0864197530864197, 1.0609756097560976, -1.0602409638554218, 1.0357142857142858, -1.035294117647059, 1.0116279069767442]
87 | 333036.00 | [44.0, -44.5, 29.333333333333332, -22.25, 17.6, -14.833333333333334, 12.571428571428571, -11.125, 9.777777777777779, -8.9, 8.0, -7.416666666666667, 6.769230769230769, -6.357142857142857, 5.866666666666666, -5.5625, 5.176470588235294, -4.944444444444445, 4.631578947368421, -4.45, 4.190476190476191, -4.045454545454546, 3.8260869565217392, -3.7083333333333335, 3.52, -3.423076923076923, 3.259259259259259, -3.1785714285714284, 3.0344827586206895, -2.966666666666667, 2.838709677419355, -2.78125, 2.6666666666666665, -2.6176470588235294, 2.5142857142857142, -2.4722222222222223, 2.3783783783783785, -2.3421052631578947, 2.2564102564102564, -2.225, 2.1463414634146343, -2.119047619047619, 2.046511627906977, -2.022727272727273, 1.9555555555555555, -1.934782608695652, 1.872340425531915, -1.8541666666666667, 1.7959183673469388, -1.78, 1.7254901960784315, -1.7115384615384615, 1.6603773584905661, -1.6481481481481481, 1.6, -1.5892857142857142, 1.543859649122807, -1.5344827586206897, 1.4915254237288136, -1.4833333333333334, 1.4426229508196722, -1.435483870967742, 1.3968253968253967, -1.390625, 1.353846153846154, -1.3484848484848484, 1.3134328358208955, -1.3088235294117647, 1.2753623188405796, -1.2714285714285714, 1.2394366197183098, -1.2361111111111112, 1.2054794520547945, -1.2027027027027026, 1.1733333333333333, -1.1710526315789473, 1.1428571428571428, -1.141025641025641, 1.1139240506329113, -1.1125, 1.0864197530864197, -1.0853658536585367, 1.0602409638554218, -1.0595238095238095, 1.035294117647059, -1.0348837209302326, 1.0114942528735633]
88 | 340692.00 | [-45.0, 44.5, -30.0, 22.25, -18.0, 14.833333333333334, -12.857142857142858, 11.125, -10.0, 8.9, -8.181818181818182, 7.416666666666667, -6.923076923076923, 6.357142857142857, -6.0, 5.5625, -5.294117647058823, 4.944444444444445, -4.7368421052631575, 4.45, -4.285714285714286, 4.045454545454546, -3.9130434782608696, 3.7083333333333335, -3.6, 3.423076923076923, -3.3333333333333335, 3.1785714285714284, -3.103448275862069, 2.966666666666667, -2.903225806451613, 2.78125, -2.727272727272727, 2.6176470588235294, -2.5714285714285716, 2.4722222222222223, -2.4324324324324325, 2.3421052631578947, -2.3076923076923075, 2.225, -2.1951219512195124, 2.119047619047619, -2.0930232558139537, 2.022727272727273, -2.0, 1.934782608695652, -1.9148936170212767, 1.8541666666666667, -1.836734693877551, 1.78, -1.7647058823529411, 1.7115384615384615, -1.6981132075471699, 1.6481481481481481, -1.6363636363636365, 1.5892857142857142, -1.5789473684210527, 1.5344827586206897, -1.5254237288135593, 1.4833333333333334, -1.4754098360655739, 1.435483870967742, -1.4285714285714286, 1.390625, -1.3846153846153846, 1.3484848484848484, -1.3432835820895523, 1.3088235294117647, -1.3043478260869565, 1.2714285714285714, -1.267605633802817, 1.2361111111111112, -1.2328767123287672, 1.2027027027027026, -1.2, 1.1710526315789473, -1.1688311688311688, 1.141025641025641, -1.139240506329114, 1.1125, -1.1111111111111112, 1.0853658536585367, -1.0843373493975903, 1.0595238095238095, -1.0588235294117647, 1.0348837209302326, -1.0344827586206897, 1.0113636363636365]
89 | 356445.00 | [45.0, -45.5, 30.0, -22.75, 18.0, -15.166666666666666, 12.857142857142858, -11.375, 10.0, -9.1, 8.181818181818182, -7.583333333333333, 6.923076923076923, -6.5, 6.0, -5.6875, 5.294117647058823, -5.055555555555555, 4.7368421052631575, -4.55, 4.285714285714286, -4.136363636363637, 3.9130434782608696, -3.7916666666666665, 3.6, -3.5, 3.3333333333333335, -3.25, 3.103448275862069, -3.033333333333333, 2.903225806451613, -2.84375, 2.727272727272727, -2.676470588235294, 2.5714285714285716, -2.5277777777777777, 2.4324324324324325, -2.3947368421052633, 2.3076923076923075, -2.275, 2.1951219512195124, -2.1666666666666665, 2.0930232558139537, -2.0681818181818183, 2.0, -1.9782608695652173, 1.9148936170212767, -1.8958333333333333, 1.836734693877551, -1.82, 1.7647058823529411, -1.75, 1.6981132075471699, -1.6851851851851851, 1.6363636363636365, -1.625, 1.5789473684210527, -1.5689655172413792, 1.5254237288135593, -1.5166666666666666, 1.4754098360655739, -1.467741935483871, 1.4285714285714286, -1.421875, 1.3846153846153846, -1.378787878787879, 1.3432835820895523, -1.338235294117647, 1.3043478260869565, -1.3, 1.267605633802817, -1.2638888888888888, 1.2328767123287672, -1.2297297297297298, 1.2, -1.1973684210526316, 1.1688311688311688, -1.1666666666666667, 1.139240506329114, -1.1375, 1.1111111111111112, -1.1097560975609757, 1.0843373493975903, -1.0833333333333333, 1.0588235294117647, -1.058139534883721, 1.0344827586206897, -1.0340909090909092, 1.0112359550561798]
90 | 364455.00 | [-46.0, 45.5, -30.666666666666668, 22.75, -18.4, 15.166666666666666, -13.142857142857142, 11.375, -10.222222222222221, 9.1, -8.363636363636363, 7.583333333333333, -7.076923076923077, 6.5, -6.133333333333334, 5.6875, -5.411764705882353, 5.055555555555555, -4.842105263157895, 4.55, -4.380952380952381, 4.136363636363637, -4.0, 3.7916666666666665, -3.68, 3.5, -3.4074074074074074, 3.25, -3.1724137931034484, 3.033333333333333, -2.967741935483871, 2.84375, -2.787878787878788, 2.676470588235294, -2.6285714285714286, 2.5277777777777777, -2.4864864864864864, 2.3947368421052633, -2.358974358974359, 2.275, -2.2439024390243905, 2.1666666666666665, -2.13953488372093, 2.0681818181818183, -2.0444444444444443, 1.9782608695652173, -1.9574468085106382, 1.8958333333333333, -1.8775510204081634, 1.82, -1.803921568627451, 1.75, -1.7358490566037736, 1.6851851851851851, -1.6727272727272726, 1.625, -1.6140350877192982, 1.5689655172413792, -1.5593220338983051, 1.5166666666666666, -1.5081967213114753, 1.467741935483871, -1.4603174603174602, 1.421875, -1.4153846153846155, 1.378787878787879, -1.373134328358209, 1.338235294117647, -1.3333333333333333, 1.3, -1.295774647887324, 1.2638888888888888, -1.2602739726027397, 1.2297297297297298, -1.2266666666666666, 1.1973684210526316, -1.1948051948051948, 1.1666666666666667, -1.1645569620253164, 1.1375, -1.1358024691358024, 1.1097560975609757, -1.108433734939759, 1.0833333333333333, -1.0823529411764705, 1.058139534883721, -1.0574712643678161, 1.0340909090909092, -1.0337078651685394, 1.011111111111111]
91 | 380926.00 | [46.0, -46.5, 30.666666666666668, -23.25, 18.4, -15.5, 13.142857142857142, -11.625, 10.222222222222221, -9.3, 8.363636363636363, -7.75, 7.076923076923077, -6.642857142857143, 6.133333333333334, -5.8125, 5.411764705882353, -5.166666666666667, 4.842105263157895, -4.65, 4.380952380952381, -4.2272727272727275, 4.0, -3.875, 3.68, -3.576923076923077, 3.4074074074074074, -3.3214285714285716, 3.1724137931034484, -3.1, 2.967741935483871, -2.90625, 2.787878787878788, -2.735294117647059, 2.6285714285714286, -2.5833333333333335, 2.4864864864864864, -2.4473684210526314, 2.358974358974359, -2.325, 2.2439024390243905, -2.2142857142857144, 2.13953488372093, -2.1136363636363638, 2.0444444444444443, -2.0217391304347827, 1.9574468085106382, -1.9375, 1.8775510204081634, -1.86, 1.803921568627451, -1.7884615384615385, 1.7358490566037736, -1.7222222222222223, 1.6727272727272726, -1.6607142857142858, 1.6140350877192982, -1.603448275862069, 1.5593220338983051, -1.55, 1.5081967213114753, -1.5, 1.4603174603174602, -1.453125, 1.4153846153846155, -1.4090909090909092, 1.373134328358209, -1.3676470588235294, 1.3333333333333333, -1.3285714285714285, 1.295774647887324, -1.2916666666666667, 1.2602739726027397, -1.2567567567567568, 1.2266666666666666, -1.2236842105263157, 1.1948051948051948, -1.1923076923076923, 1.1645569620253164, -1.1625, 1.1358024691358024, -1.1341463414634145, 1.108433734939759, -1.1071428571428572, 1.0823529411764705, -1.0813953488372092, 1.0574712643678161, -1.0568181818181819, 1.0337078651685394, -1.0333333333333334, 1.010989010989011]
92 | 389298.00 | [-47.0, 46.5, -31.333333333333332, 23.25, -18.8, 15.5, -13.428571428571429, 11.625, -10.444444444444445, 9.3, -8.545454545454545, 7.75, -7.230769230769231, 6.642857142857143, -6.266666666666667, 5.8125, -5.529411764705882, 5.166666666666667, -4.947368421052632, 4.65, -4.476190476190476, 4.2272727272727275, -4.086956521739131, 3.875, -3.76, 3.576923076923077, -3.4814814814814814, 3.3214285714285716, -3.2413793103448274, 3.1, -3.032258064516129, 2.90625, -2.8484848484848486, 2.735294117647059, -2.6857142857142855, 2.5833333333333335, -2.5405405405405403, 2.4473684210526314, -2.41025641025641, 2.325, -2.292682926829268, 2.2142857142857144, -2.186046511627907, 2.1136363636363638, -2.088888888888889, 2.0217391304347827, -2.0, 1.9375, -1.9183673469387754, 1.86, -1.8431372549019607, 1.7884615384615385, -1.7735849056603774, 1.7222222222222223, -1.709090909090909, 1.6607142857142858, -1.6491228070175439, 1.603448275862069, -1.5932203389830508, 1.55, -1.540983606557377, 1.5, -1.492063492063492, 1.453125, -1.4461538461538461, 1.4090909090909092, -1.4029850746268657, 1.3676470588235294, -1.3623188405797102, 1.3285714285714285, -1.323943661971831, 1.2916666666666667, -1.2876712328767124, 1.2567567567567568, -1.2533333333333334, 1.2236842105263157, -1.2207792207792207, 1.1923076923076923, -1.1898734177215189, 1.1625, -1.1604938271604939, 1.1341463414634145, -1.1325301204819278, 1.1071428571428572, -1.1058823529411765, 1.0813953488372092, -1.0804597701149425, 1.0568181818181819, -1.0561797752808988, 1.0333333333333334, -1.032967032967033, 1.0108695652173914]
93 | 406503.00 | [47.0, -47.5, 31.333333333333332, -23.75, 18.8, -15.833333333333334, 13.428571428571429, -11.875, 10.444444444444445, -9.5, 8.545454545454545, -7.916666666666667, 7.230769230769231, -6.785714285714286, 6.266666666666667, -5.9375, 5.529411764705882, -5.277777777777778, 4.947368421052632, -4.75, 4.476190476190476, -4.318181818181818, 4.086956521739131, -3.9583333333333335, 3.76, -3.6538461538461537, 3.4814814814814814, -3.392857142857143, 3.2413793103448274, -3.1666666666666665, 3.032258064516129, -2.96875, 2.8484848484848486, -2.7941176470588234, 2.6857142857142855, -2.638888888888889, 2.5405405405405403, -2.5, 2.41025641025641, -2.375, 2.292682926829268, -2.261904761904762, 2.186046511627907, -2.159090909090909, 2.088888888888889, -2.0652173913043477, 2.0, -1.9791666666666667, 1.9183673469387754, -1.9, 1.8431372549019607, -1.8269230769230769, 1.7735849056603774, -1.7592592592592593, 1.709090909090909, -1.6964285714285714, 1.6491228070175439, -1.6379310344827587, 1.5932203389830508, -1.5833333333333333, 1.540983606557377, -1.532258064516129, 1.492063492063492, -1.484375, 1.4461538461538461, -1.4393939393939394, 1.4029850746268657, -1.3970588235294117, 1.3623188405797102, -1.3571428571428572, 1.323943661971831, -1.3194444444444444, 1.2876712328767124, -1.2837837837837838, 1.2533333333333334, -1.25, 1.2207792207792207, -1.2179487179487178, 1.1898734177215189, -1.1875, 1.1604938271604939, -1.1585365853658536, 1.1325301204819278, -1.130952380952381, 1.1058823529411765, -1.1046511627906976, 1.0804597701149425, -1.0795454545454546, 1.0561797752808988, -1.0555555555555556, 1.032967032967033, -1.0326086956521738, 1.010752688172043]
94 | 415245.00 | [-48.0, 47.5, -32.0, 23.75, -19.2, 15.833333333333334, -13.714285714285714, 11.875, -10.666666666666666, 9.5, -8.727272727272727, 7.916666666666667, -7.384615384615385, 6.785714285714286, -6.4, 5.9375, -5.647058823529412, 5.277777777777778, -5.052631578947368, 4.75, -4.571428571428571, 4.318181818181818, -4.173913043478261, 3.9583333333333335, -3.84, 3.6538461538461537, -3.5555555555555554, 3.392857142857143, -3.310344827586207, 3.1666666666666665, -3.096774193548387, 2.96875, -2.909090909090909, 2.7941176470588234, -2.742857142857143, 2.638888888888889, -2.5945945945945947, 2.5, -2.4615384615384617, 2.375, -2.341463414634146, 2.261904761904762, -2.2325581395348837, 2.159090909090909, -2.1333333333333333, 2.0652173913043477, -2.0425531914893615, 1.9791666666666667, -1.9591836734693877, 1.9, -1.8823529411764706, 1.8269230769230769, -1.8113207547169812, 1.7592592592592593, -1.7454545454545454, 1.6964285714285714, -1.6842105263157894, 1.6379310344827587, -1.6271186440677967, 1.5833333333333333, -1.5737704918032787, 1.532258064516129, -1.5238095238095237, 1.484375, -1.476923076923077, 1.4393939393939394, -1.4328358208955223, 1.3970588235294117, -1.391304347826087, 1.3571428571428572, -1.352112676056338, 1.3194444444444444, -1.3150684931506849, 1.2837837837837838, -1.28, 1.25, -1.2467532467532467, 1.2179487179487178, -1.2151898734177216, 1.1875, -1.1851851851851851, 1.1585365853658536, -1.1566265060240963, 1.130952380952381, -1.1294117647058823, 1.1046511627906976, -1.103448275862069, 1.0795454545454546, -1.0786516853932584, 1.0555555555555556, -1.054945054945055, 1.0326086956521738, -1.032258064516129, 1.0106382978723405]
95 | 433200.00 | [48.0, -48.5, 32.0, -24.25, 19.2, -16.166666666666668, 13.714285714285714, -12.125, 10.666666666666666, -9.7, 8.727272727272727, -8.083333333333334, 7.384615384615385, -6.928571428571429, 6.4, -6.0625, 5.647058823529412, -5.388888888888889, 5.052631578947368, -4.85, 4.571428571428571, -4.409090909090909, 4.173913043478261, -4.041666666666667, 3.84, -3.730769230769231, 3.5555555555555554, -3.4642857142857144, 3.310344827586207, -3.2333333333333334, 3.096774193548387, -3.03125, 2.909090909090909, -2.8529411764705883, 2.742857142857143, -2.6944444444444446, 2.5945945945945947, -2.5526315789473686, 2.4615384615384617, -2.425, 2.341463414634146, -2.3095238095238093, 2.2325581395348837, -2.2045454545454546, 2.1333333333333333, -2.108695652173913, 2.0425531914893615, -2.0208333333333335, 1.9591836734693877, -1.94, 1.8823529411764706, -1.8653846153846154, 1.8113207547169812, -1.7962962962962963, 1.7454545454545454, -1.7321428571428572, 1.6842105263157894, -1.6724137931034482, 1.6271186440677967, -1.6166666666666667, 1.5737704918032787, -1.564516129032258, 1.5238095238095237, -1.515625, 1.476923076923077, -1.4696969696969697, 1.4328358208955223, -1.4264705882352942, 1.391304347826087, -1.3857142857142857, 1.352112676056338, -1.3472222222222223, 1.3150684931506849, -1.3108108108108107, 1.28, -1.2763157894736843, 1.2467532467532467, -1.2435897435897436, 1.2151898734177216, -1.2125, 1.1851851851851851, -1.1829268292682926, 1.1566265060240963, -1.1547619047619047, 1.1294117647058823, -1.127906976744186, 1.103448275862069, -1.1022727272727273, 1.0786516853932584, -1.0777777777777777, 1.054945054945055, -1.0543478260869565, 1.032258064516129, -1.0319148936170213, 1.0105263157894737]
96 | 442320.00 | [-49.0, 48.5, -32.666666666666664, 24.25, -19.6, 16.166666666666668, -14.0, 12.125, -10.88888888888889, 9.7, -8.909090909090908, 8.083333333333334, -7.538461538461538, 6.928571428571429, -6.533333333333333, 6.0625, -5.764705882352941, 5.388888888888889, -5.157894736842105, 4.85, -4.666666666666667, 4.409090909090909, -4.260869565217392, 4.041666666666667, -3.92, 3.730769230769231, -3.6296296296296298, 3.4642857142857144, -3.3793103448275863, 3.2333333333333334, -3.161290322580645, 3.03125, -2.9696969696969697, 2.8529411764705883, -2.8, 2.6944444444444446, -2.6486486486486487, 2.5526315789473686, -2.5128205128205128, 2.425, -2.3902439024390243, 2.3095238095238093, -2.2790697674418605, 2.2045454545454546, -2.1777777777777776, 2.108695652173913, -2.0851063829787235, 2.0208333333333335, -2.0, 1.94, -1.9215686274509804, 1.8653846153846154, -1.849056603773585, 1.7962962962962963, -1.7818181818181817, 1.7321428571428572, -1.719298245614035, 1.6724137931034482, -1.6610169491525424, 1.6166666666666667, -1.6065573770491803, 1.564516129032258, -1.5555555555555556, 1.515625, -1.5076923076923077, 1.4696969696969697, -1.462686567164179, 1.4264705882352942, -1.4202898550724639, 1.3857142857142857, -1.380281690140845, 1.3472222222222223, -1.3424657534246576, 1.3108108108108107, -1.3066666666666666, 1.2763157894736843, -1.2727272727272727, 1.2435897435897436, -1.240506329113924, 1.2125, -1.2098765432098766, 1.1829268292682926, -1.180722891566265, 1.1547619047619047, -1.1529411764705881, 1.127906976744186, -1.1264367816091954, 1.1022727272727273, -1.101123595505618, 1.0777777777777777, -1.0769230769230769, 1.0543478260869565, -1.053763440860215, 1.0319148936170213, -1.0315789473684212, 1.0104166666666667]
97 | 461041.00 | [49.0, -49.5, 32.666666666666664, -24.75, 19.6, -16.5, 14.0, -12.375, 10.88888888888889, -9.9, 8.909090909090908, -8.25, 7.538461538461538, -7.071428571428571, 6.533333333333333, -6.1875, 5.764705882352941, -5.5, 5.157894736842105, -4.95, 4.666666666666667, -4.5, 4.260869565217392, -4.125, 3.92, -3.8076923076923075, 3.6296296296296298, -3.5357142857142856, 3.3793103448275863, -3.3, 3.161290322580645, -3.09375, 2.9696969696969697, -2.911764705882353, 2.8, -2.75, 2.6486486486486487, -2.6052631578947367, 2.5128205128205128, -2.475, 2.3902439024390243, -2.357142857142857, 2.2790697674418605, -2.25, 2.1777777777777776, -2.152173913043478, 2.0851063829787235, -2.0625, 2.0, -1.98, 1.9215686274509804, -1.9038461538461537, 1.849056603773585, -1.8333333333333333, 1.7818181818181817, -1.7678571428571428, 1.719298245614035, -1.706896551724138, 1.6610169491525424, -1.65, 1.6065573770491803, -1.596774193548387, 1.5555555555555556, -1.546875, 1.5076923076923077, -1.5, 1.462686567164179, -1.4558823529411764, 1.4202898550724639, -1.4142857142857144, 1.380281690140845, -1.375, 1.3424657534246576, -1.337837837837838, 1.3066666666666666, -1.3026315789473684, 1.2727272727272727, -1.2692307692307692, 1.240506329113924, -1.2375, 1.2098765432098766, -1.2073170731707317, 1.180722891566265, -1.1785714285714286, 1.1529411764705881, -1.1511627906976745, 1.1264367816091954, -1.125, 1.101123595505618, -1.1, 1.0769230769230769, -1.076086956521739, 1.053763440860215, -1.053191489361702, 1.0315789473684212, -1.03125, 1.0103092783505154]
98 | 470547.00 | [-50.0, 49.5, -33.333333333333336, 24.75, -20.0, 16.5, -14.285714285714286, 12.375, -11.11111111111111, 9.9, -9.090909090909092, 8.25, -7.6923076923076925, 7.071428571428571, -6.666666666666667, 6.1875, -5.882352941176471, 5.5, -5.2631578947368425, 4.95, -4.761904761904762, 4.5, -4.3478260869565215, 4.125, -4.0, 3.8076923076923075, -3.7037037037037037, 3.5357142857142856, -3.4482758620689653, 3.3, -3.225806451612903, 3.09375, -3.0303030303030303, 2.911764705882353, -2.857142857142857, 2.75, -2.7027027027027026, 2.6052631578947367, -2.5641025641025643, 2.475, -2.4390243902439024, 2.357142857142857, -2.3255813953488373, 2.25, -2.2222222222222223, 2.152173913043478, -2.127659574468085, 2.0625, -2.0408163265306123, 1.98, -1.9607843137254901, 1.9038461538461537, -1.8867924528301887, 1.8333333333333333, -1.8181818181818181, 1.7678571428571428, -1.7543859649122806, 1.706896551724138, -1.694915254237288, 1.65, -1.639344262295082, 1.596774193548387, -1.5873015873015872, 1.546875, -1.5384615384615385, 1.5, -1.492537313432836, 1.4558823529411764, -1.4492753623188406, 1.4142857142857144, -1.408450704225352, 1.375, -1.36986301369863, 1.337837837837838, -1.3333333333333333, 1.3026315789473684, -1.2987012987012987, 1.2692307692307692, -1.2658227848101267, 1.2375, -1.2345679012345678, 1.2073170731707317, -1.2048192771084338, 1.1785714285714286, -1.1764705882352942, 1.1511627906976745, -1.1494252873563218, 1.125, -1.1235955056179776, 1.1, -1.098901098901099, 1.076086956521739, -1.075268817204301, 1.053191489361702, -1.0526315789473684, 1.03125, -1.0309278350515463, 1.010204081632653]
99 | 490050.00 | [50.0, -50.5, 33.333333333333336, -25.25, 20.0, -16.833333333333332, 14.285714285714286, -12.625, 11.11111111111111, -10.1, 9.090909090909092, -8.416666666666666, 7.6923076923076925, -7.214285714285714, 6.666666666666667, -6.3125, 5.882352941176471, -5.611111111111111, 5.2631578947368425, -5.05, 4.761904761904762, -4.590909090909091, 4.3478260869565215, -4.208333333333333, 4.0, -3.8846153846153846, 3.7037037037037037, -3.607142857142857, 3.4482758620689653, -3.3666666666666667, 3.225806451612903, -3.15625, 3.0303030303030303, -2.9705882352941178, 2.857142857142857, -2.8055555555555554, 2.7027027027027026, -2.6578947368421053, 2.5641025641025643, -2.525, 2.4390243902439024, -2.4047619047619047, 2.3255813953488373, -2.2954545454545454, 2.2222222222222223, -2.1956521739130435, 2.127659574468085, -2.1041666666666665, 2.0408163265306123, -2.02, 1.9607843137254901, -1.9423076923076923, 1.8867924528301887, -1.8703703703703705, 1.8181818181818181, -1.8035714285714286, 1.7543859649122806, -1.7413793103448276, 1.694915254237288, -1.6833333333333333, 1.639344262295082, -1.6290322580645162, 1.5873015873015872, -1.578125, 1.5384615384615385, -1.5303030303030303, 1.492537313432836, -1.4852941176470589, 1.4492753623188406, -1.4428571428571428, 1.408450704225352, -1.4027777777777777, 1.36986301369863, -1.364864864864865, 1.3333333333333333, -1.3289473684210527, 1.2987012987012987, -1.294871794871795, 1.2658227848101267, -1.2625, 1.2345679012345678, -1.2317073170731707, 1.2048192771084338, -1.2023809523809523, 1.1764705882352942, -1.1744186046511629, 1.1494252873563218, -1.1477272727272727, 1.1235955056179776, -1.1222222222222222, 1.098901098901099, -1.0978260869565217, 1.075268817204301, -1.074468085106383, 1.0526315789473684, -1.0520833333333333, 1.0309278350515463, -1.030612244897959, 1.0101010101010102]
100 | 499950.00 | [-51.0, 50.5, -34.0, 25.25, -20.4, 16.833333333333332, -14.571428571428571, 12.625, -11.333333333333334, 10.1, -9.272727272727273, 8.416666666666666, -7.846153846153846, 7.214285714285714, -6.8, 6.3125, -6.0, 5.611111111111111, -5.368421052631579, 5.05, -4.857142857142857, 4.590909090909091, -4.434782608695652, 4.208333333333333, -4.08, 3.8846153846153846, -3.7777777777777777, 3.607142857142857, -3.5172413793103448, 3.3666666666666667, -3.2903225806451615, 3.15625, -3.090909090909091, 2.9705882352941178, -2.914285714285714, 2.8055555555555554, -2.7567567567567566, 2.6578947368421053, -2.6153846153846154, 2.525, -2.4878048780487805, 2.4047619047619047, -2.372093023255814, 2.2954545454545454, -2.2666666666666666, 2.1956521739130435, -2.1702127659574466, 2.1041666666666665, -2.0816326530612246, 2.02, -2.0, 1.9423076923076923, -1.9245283018867925, 1.8703703703703705, -1.8545454545454545, 1.8035714285714286, -1.7894736842105263, 1.7413793103448276, -1.728813559322034, 1.6833333333333333, -1.6721311475409837, 1.6290322580645162, -1.619047619047619, 1.578125, -1.5692307692307692, 1.5303030303030303, -1.5223880597014925, 1.4852941176470589, -1.4782608695652173, 1.4428571428571428, -1.4366197183098592, 1.4027777777777777, -1.3972602739726028, 1.364864864864865, -1.36, 1.3289473684210527, -1.3246753246753247, 1.294871794871795, -1.2911392405063291, 1.2625, -1.2592592592592593, 1.2317073170731707, -1.2289156626506024, 1.2023809523809523, -1.2, 1.1744186046511629, -1.1724137931034482, 1.1477272727272727, -1.146067415730337, 1.1222222222222222, -1.120879120879121, 1.0978260869565217, -1.096774193548387, 1.074468085106383, -1.0736842105263158, 1.0520833333333333, -1.0515463917525774, 1.030612244897959, -1.0303030303030303, 1.01]
